17.241871 1.0 1.0 6036.999012689998 6045.249012689998 7938.049844598967 7953.189844598966 0.000659755 0.00969863 9972.862799 9989.908124
0.041231 3.0 3.0 6066.59901269 6066.60901269 7732.889844598967 7732.849844598967 0.00291455 0.00010472 9828.591401 9828.566103
25.053082 2.0 1.0 6020.249012689998 6045.249012689998 7954.8198445989665 7953.189844598966 0.116821 0.00969863 9976.099285 9989.908124
23.702224 2.0 1.0 6020.249012689998 6036.999012689998 7954.8198445989665 7938.049844598967 0.116821 0.000659755 9976.099285 9972.862799
1.536107 3.0 1.0 5379.56901269 5378.05901269 -331.339155401033 -331.05715540103296 0.008320999999999999 0.000630171 5389.763297 5388.238820
49.420972 1.0 1.0 196.74501269 241.50301269000005 342.473844598967 363.42984459896695 0.06339109999999999 0.000771986 394.964472 436.354165
6.774806 3.0 1.0 -1466.84098731 -1464.02098731 9202.90984459897 9196.749844598968 0.0185868 0.0017561 9319.075710 9312.548800
13.533762 2.0 1.0 -960.02398731 -952.57598731 9491.81984459897 9480.519844598968 0.196474 0.00282106 9540.245805 9528.255745
47.818412 1.0 2.0 -3067.96098731 -3050.18098731 673.552844598967 717.942844598967 0.0428981 0.0450838 3141.028184 3133.535700
36.678229 3.0 1.0 2713.26901269 2694.819012690001 4964.499844598968 4932.799844598967 0.00696885 0.000152649 5657.569040 5620.904182
0.799171 2.0 1.0 566.00901269 566.72401269 -479.96015540103303 -480.31715540103295 0.379925 0.00117559 742.110472 742.886718
59.873840 1.0 1.0 1147.30901269 1185.11901269 -222.797155401033 -176.37215540103298 0.0276818 0.00899021 1168.741435 1198.171195
7.382504 1.0 1.0 1080.15901269 1087.50901269 -138.14015540103298 -138.832155401033 0.00800728 0.0647455 1088.956471 1096.334903
50.482932 1.0 1.0 1039.62901269 1087.50901269 -154.833155401033 -138.832155401033 0.00778488 0.0647455 1051.095519 1096.334903
43.833060 1.0 1.0 1039.62901269 1080.15901269 -154.833155401033 -138.14015540103298 0.00778488 0.00800728 1051.095519 1088.956471
43.466526 2.0 1.0 1049.48901269 1087.50901269 -159.899155401033 -138.832155401033 1.00584 0.0647455 1061.600173 1096.334903
37.604561 2.0 1.0 1049.48901269 1080.15901269 -159.899155401033 -138.14015540103298 1.00584 0.00800728 1061.600173 1088.956471
11.085304 2.0 1.0 1049.48901269 1039.62901269 -159.899155401033 -154.833155401033 1.00584 0.00778488 1061.600173 1051.095519
15.633275 1.0 1.0 1536.90901269 1537.22901269 -5194.330155401033 -5178.700155401033 0.031824200000000004 0.0102233 5416.932257 5402.037425
28.856935 1.0 1.0 594.9090126899998 566.72401269 -474.12615540103303 -480.31715540103295 0.000399516 0.00117559 760.731454 742.886718
29.482971 1.0 2.0 594.9090126899998 566.00901269 -474.12615540103303 -479.96015540103303 0.000399516 0.379925 760.731454 742.110472
62.089224 1.0 1.0 506.97401269000005 525.1890126899998 65.551944598967 6.1946745989670005 0.0010422 0.0108359 511.194393 525.225545
21.182009 1.0 1.0 506.97401269000005 486.69001269 65.551944598967 71.65414459896702 0.0010422 0.000587011 511.194393 491.936464
15.393446 2.0 1.0 502.07301269 486.69001269 72.221144598967 71.65414459896702 0.027375 0.000587011 507.240775 491.936464
8.276354 2.0 1.0 502.07301269 506.97401269000005 72.221144598967 65.551944598967 0.027375 0.0010422 507.240775 511.194393
31.767833 3.0 1.0 -823.85298731 -814.5429873100002 767.589844598967 737.216844598967 0.0265172 0.000102059 1126.023052 1098.621388
17.826433 1.0 1.0 1944.25901269 1938.76901269 6951.879844598967 6968.839844598967 0.00170862 0.000435534 7218.640903 7233.502199
32.611355 3.0 1.0 1920.15901269 1938.76901269 6942.059844598967 6968.839844598967 0.0613157 0.000435534 7202.722091 7233.502199
26.023881 3.0 1.0 1920.15901269 1944.25901269 6942.059844598967 6951.879844598967 0.0613157 0.00170862 7202.722091 7218.640903
55.595588 1.0 1.0 -531.93498731 -587.4889873100002 1319.509844598967 1321.659844598967 0.00700506 0.0141197 1422.694999 1446.349908
36.846688 1.0 3.0 -505.75898731 -497.03898731 1848.739844598967 1812.939844598967 0.0198053 0.01414 1916.671898 1879.840056
50.504920 3.0 2.0 4391.61901269 4361.98901269 28203.49984459897 28162.599844598964 0.114112 0.0694153 28543.365622 28498.403081
20.565311 1.0 1.0 4639.02901269 4623.209012689998 -2185.8601554010334 -2172.720155401033 0.00730969 0.00618812 5128.213607 5108.304459
53.698443 1.0 1.0 -13150.58098731 -13115.78098731 165.399844598967 124.50384459896699 0.00244069 0.00123039 13151.621094 13116.371911
58.649967 1.0 2.0 -339.53998731 -320.60698731 5129.209844598968 5184.719844598967 0.000159653 0.00161021 5140.435880 5194.623057
1.212693 1.0 1.0 -736.3619873100001 -735.5069873100001 -1352.250155401033 -1351.390155401033 0.016229499999999997 0.08676210000000001 1539.743309 1538.579176
33.807227 1.0 1.0 -734.80798731 -735.5069873100001 -1385.190155401033 -1351.390155401033 0.00167241 0.08676210000000001 1568.022495 1538.579176
32.976636 1.0 1.0 -734.80798731 -736.3619873100001 -1385.190155401033 -1352.250155401033 0.00167241 0.016229499999999997 1568.022495 1539.743309
14.237213 2.0 1.0 -847.6919873100002 -855.7169873100001 -1344.400155401033 -1356.160155401033 0.391267 0.00467579 1589.337435 1603.565380
39.472630 1.0 1.0 2127.34901269 2096.32901269 5644.829844598968 5620.419844598967 0.00696587 0.0005080530000000001 6032.389062 5998.642726
28.938849 3.0 3.0 -9857.27098731 -9855.83098731 -519.613155401033 -548.5161554010331 0.00617218 0.00143303 9870.956851 9871.082738
13.821469 1.0 1.0 960.24901269 973.43901269 -1392.680155401033 -1396.810155401033 0.00721766 0.0561894 1691.637131 1702.545777
32.672458 3.0 1.0 951.98301269 973.43901269 -1421.450155401033 -1396.810155401033 0.18607 0.0561894 1710.787012 1702.545777
29.933921 3.0 1.0 951.98301269 960.24901269 -1421.450155401033 -1392.680155401033 0.18607 0.00721766 1710.787012 1691.637131
16.630364 3.0 1.0 -5297.240987310001 -5297.13098731 8249.639844598967 8266.269844598968 0.00430102 5.35689e-05 9803.944086 9817.882350
61.237002 1.0 1.0 7779.44901269 7789.56901269 1026.599844598967 966.2048445989669 0.00194436 0.00558443 7846.893282 7849.263482
19.728236 1.0 3.0 -729.7549873099998 -729.18498731 1751.549844598967 1771.269844598967 0.0158097 0.0535773 1897.490237 1915.491480
25.940773 1.0 1.0 4205.14901269 4229.0890126899985 -328.11415540103303 -338.10415540103304 9.80095e-05 0.000744315 4217.930431 4242.582739
44.398383 3.0 1.0 4173.36901269 4205.14901269 -297.11015540103296 -328.11415540103303 0.016531999999999998 9.80095e-05 4183.931567 4217.930431
45.900000 3.0 1.0 -10956.88098731 -10935.28098731 -21538.700155401035 -21498.200155401035 0.0111405 0.00135786 24165.447344 24119.555970
48.684927 3.0 1.0 6210.04901269 6258.65901269 12479.499844598968 12476.799844598967 0.0175517 0.0010535 13939.247652 13958.558199
47.541639 1.0 1.0 512.55201269 528.58101269 -696.8561554010332 -741.6141554010329 0.00411112 0.00113059 865.053794 910.708209
57.666194 1.0 1.0 -523.9889873100002 -536.52098731 947.8558445989673 891.567844598967 0.000297794 0.0060396 1083.049011 1040.551773
41.970075 1.0 3.0 -523.9889873100002 -530.7249873100002 947.8558445989673 989.2818445989667 0.000297794 0.00262636 1083.049011 1122.652030
7.282726 2.0 1.0 -4276.85098731 -4283.44098731 -15029.000155401032 -15025.900155401032 0.0249736 0.00135828 15625.693586 15624.517342
1.405133 3.0 1.0 -3042.26098731 -3042.14098731 -15476.900155401032 -15478.300155401033 0.0468482 0.005430600000000001 15773.071684 15774.422255
18.821796 3.0 1.0 40926.11901269 40911.21901269 -62019.70015540103 -62008.20015540103 0.00740394 9.44917e-05 74306.059139 74288.254305
13.247559 1.0 3.0 -454.50598731 -441.35298731 7697.999844598968 7696.419844598967 0.000199823 0.117155 7711.405663 7709.064203
13.348426 2.0 3.0 -454.63598731 -441.35298731 7697.7398445989675 7696.419844598967 0.117668 0.117155 7711.153779 7709.064203
0.290689 2.0 1.0 -454.63598731 -454.50598731 7697.7398445989675 7697.999844598968 0.117668 0.000199823 7711.153779 7711.405663
62.878315 1.0 1.0 1897.86901269 1874.55901269 506.749844598967 565.147844598967 0.048926 0.0467785 1964.357960 1957.897745
31.127663 3.0 3.0 -5395.73098731 -5383.56098731 4396.2398445989675 4367.589844598967 0.0375411 0.0013305 6959.945234 6932.428864
24.155794 1.0 1.0 -12.013587310000005 -18.012687310000004 556.9168445989669 580.315844598967 0.0494695 0.00158321 557.046406 580.595329
49.495959 1.0 1.0 19748.919012690007 19796.11901269 24668.49984459897 24653.599844598964 0.000256859 0.0115135 31599.915930 31617.816390
47.455769 1.0 1.0 19756.81901269 19796.11901269 24680.19984459897 24653.599844598964 0.00277971 0.0115135 31613.986808 31617.816390
14.117365 1.0 1.0 19756.81901269 19748.919012690007 24680.19984459897 24668.49984459897 0.00277971 0.000256859 31613.986808 31599.915930
40.375488 3.0 1.0 19774.81901269 19796.11901269 24687.89984459897 24653.599844598964 0.00648837 0.0115135 31631.248248 31617.816390
32.360006 3.0 1.0 19774.81901269 19748.919012690007 24687.89984459897 24668.49984459897 0.00648837 0.000256859 31631.248248 31599.915930
19.577794 3.0 1.0 19774.81901269 19756.81901269 24687.89984459897 24680.19984459897 0.00648837 0.00277971 31631.248248 31613.986808
29.813195 2.0 1.0 4632.28901269 4604.96901269 890.562844598967 902.4978445989669 0.0219767 0.000475996 4717.118154 4692.573065
30.366893 2.0 1.0 68.71601269 68.06901269 2573.509844598967 2603.869844598967 0.059844000000000015 0.022930900000000004 2574.427084 2604.759405
33.851410 1.0 1.0 -4.37408731 3.4702126899999968 2573.909844598966 2540.979844598967 0.0875688 0.035369599999999994 2573.913561 2540.982214
30.566984 3.0 1.0 20.218812689999996 3.4702126899999968 2515.409844598966 2540.979844598967 0.531409 0.035369599999999994 2515.491102 2540.982214
63.459126 3.0 1.0 20.218812689999996 -4.37408731 2515.409844598966 2573.909844598966 0.531409 0.0875688 2515.491102 2573.913561
5.156317 2.0 3.0 1845.05901269 1845.81901269 -12408.100155401033 -12413.200155401033 0.0566634 0.0257231 12544.528378 12549.684694
16.330478 1.0 3.0 1376.75901269 1378.73901269 -4614.190155401033 -4597.980155401033 0.00545388 0.00141307 4815.206763 4800.244033
5.282596 1.0 3.0 -534.72798731 -530.7249873100002 992.7288445989667 989.2818445989667 0.00583709 0.00262636 1127.583513 1122.652030
46.140137 1.0 1.0 -534.72798731 -523.9889873100002 992.7288445989667 947.8558445989673 0.00583709 0.000297794 1127.583513 1083.049011
14.765996 1.0 1.0 -325.81198730999995 -323.53898731 -2380.580155401033 -2395.170155401033 0.00723898 0.00352556 2402.772425 2416.923158
14.337430 3.0 1.0 -327.35598731 -323.53898731 -2381.350155401033 -2395.170155401033 0.0204088 0.00352556 2403.745100 2416.923158
1.725351 3.0 1.0 -327.35598731 -325.81198730999995 -2381.350155401033 -2380.580155401033 0.0204088 0.00723898 2403.745100 2402.772425
17.347323 1.0 1.0 1856.52901269 1841.32901269 -2194.080155401033 -2202.4401554010333 0.00198186 0.00143993 2874.141211 2870.755157
56.480663 1.0 1.0 -1516.19098731 -1460.96098731 -2833.1201554010327 -2844.940155401033 0.022371400000000003 0.000121155 3213.316811 3198.138755
49.277683 1.0 1.0 10537.01901269 10496.81901269 27252.799844598965 27224.299844598965 0.007089399999999998 0.00456945 29218.895753 29177.829107
29.335829 1.0 1.0 672.93501269 658.3880126899999 -801.169155401033 -775.6941554010331 0.000582326 0.00703289 1046.285595 1017.436090
55.272116 3.0 1.0 710.54801269 658.3880126899999 -757.409155401033 -775.6941554010331 0.00854875 0.00703289 1038.531226 1017.436090
57.703339 3.0 1.0 710.54801269 672.93501269 -757.409155401033 -801.169155401033 0.00854875 0.000582326 1038.531226 1046.285595
40.111375 1.0 1.0 152.75701269 160.33001269 2317.849844598967 2357.2398445989666 0.0008004860000000001 0.0024992 2322.878087 2362.686056
0.302453 2.0 1.0 -142.81858731 -142.95488731 2487.539844598967 2487.809844598967 0.070312 0.000191498 2491.636335 2491.913707
17.012128 1.0 1.0 1262.62901269 1277.31901269 -7818.3401554010325 -7809.7601554010325 0.000305556 0.00238277 7919.638553 7913.526240
31.308737 3.0 1.0 4296.749012689998 4285.47901269 -5100.320155401033 -5129.530155401033 0.0212795 0.00625171 6668.981764 6684.116246
20.661897 1.0 1.0 4282.459012689998 4285.47901269 -5109.0901554010325 -5129.530155401033 0.0259106 0.00625171 6666.502637 6684.116246
16.766544 1.0 3.0 4282.459012689998 4296.749012689998 -5109.0901554010325 -5100.320155401033 0.0259106 0.0212795 6666.502637 6668.981764
4.577652 2.0 1.0 15446.41901269 15450.71901269 6863.459844598968 6861.889844598967 0.0232973 0.000142291 16902.631196 16905.923525
44.802233 3.0 1.0 10258.51901269 10302.91901269 -5569.970155401034 -5563.980155401033 0.0289615 0.00227082 11673.122113 11709.313189
55.135682 1.0 1.0 -1291.22098731 -1277.77098731 1103.659844598967 1050.189844598967 0.00831022 0.0534801 1698.621998 1653.964149
35.303378 1.0 1.0 -3523.20098731 -3538.26098731 -3003.960155401033 -2972.0301554010325 0.0164345 0.00969843 4629.980757 4620.849928
48.069349 3.0 1.0 628.3470126899998 658.3880126899999 -738.168155401033 -775.6941554010331 0.0104226 0.00703289 969.387536 1017.436090
36.069988 1.0 1.0 -1432.34098731 -1398.52098731 -2760.150155401033 -2747.610155401033 0.00289128 0.017166999999999998 3109.667118 3083.054089
49.468597 1.0 1.0 200.74001269 247.50501269 1939.749844598967 1923.619844598967 0.051228 0.043454900000000005 1950.109231 1939.477259
63.364501 2.0 1.0 20596.71901269 20614.21901269 -36507.00015540103 -36567.90015540103 0.00921126 0.000845913 41916.415572 41978.057926
63.106973 2.0 3.0 20596.71901269 20539.919012690007 -36507.00015540103 -36479.50015540103 0.00921126 0.00665581 41916.415572 41864.569801
43.455717 3.0 1.0 5249.85901269 5207.53901269 -9289.960155401031 -9299.830155401032 0.00500291 0.000172242 10670.725343 10658.578868
6.462832 2.0 1.0 5210.94901269 5207.53901269 -9305.320155401032 -9299.830155401032 0.0904183 0.000172242 10665.035059 10658.578868
41.832018 2.0 3.0 5210.94901269 5249.85901269 -9305.320155401032 -9289.960155401031 0.0904183 0.00500291 10665.035059 10670.725343
57.304526 1.0 1.0 500.00601269 526.65701269 3201.9598445989673 3151.2298445989672 0.00258411 0.021489 3240.764240 3194.936172
55.875891 1.0 1.0 501.89601269 526.65701269 3101.1398445989666 3151.2298445989672 0.0817746 0.021489 3141.491357 3194.936172
12.572776 1.0 1.0 1760.12901269 1770.75901269 -970.148155401033 -963.434155401033 0.00146309 0.00335978 2009.786453 2015.885129
58.398844 1.0 3.0 4077.00901269 4056.1590126900014 -5336.920155401032 -5282.370155401033 0.000314643 0.00034296 6716.004708 6660.019549
22.674843 1.0 1.0 -1858.14098731 -1847.40098731 -6268.5901554010325 -6288.560155401034 0.136691 0.00023532400000000005 6538.188623 6554.302345
39.944634 1.0 1.0 634.85601269 631.7030126899998 -3901.8701554010327 -3941.690155401033 0.000310402 0.0476837 3953.180095 3991.988224
31.550179 1.0 1.0 -61.97358731 -50.79383731 -296.065155401033 -325.568155401033 0.017161000000000003 0.0005800369999999999 302.481903 329.506658
39.088815 1.0 1.0 -3471.81098731 -3491.92098731 -363.356155401033 -329.837155401033 0.28509 0.000462463 3490.773443 3507.464145
6.526044 2.0 1.0 255.21501269 258.48101269 -4643.240155401033 -4637.5901554010325 0.124252 0.038059 4650.248794 4644.787927
22.280088 1.0 1.0 -382.23998731 -390.94298731 -1477.380155401033 -1497.890155401033 0.0107432 0.0500979 1526.027369 1548.066968
19.342412 1.0 2.0 -3092.82098731 -3107.99098731 4088.4998445989672 4076.4998445989672 0.00624361 0.00197001 5126.536125 5126.154403
39.069072 3.0 3.0 -3874.84098731 -3912.66098731 2762.4698445989666 2772.269844598967 0.0076688999999999985 0.00048098 4758.742725 4795.247240
44.395933 1.0 1.0 -117.48308731 -154.12998731 -1312.270155401033 -1287.210155401033 0.00309563 0.00707972 1317.518591 1296.405044
58.409918 1.0 1.0 -96.77288731 -154.12998731 -1298.250155401033 -1287.210155401033 0.152256 0.00707972 1301.851934 1296.405044
25.009454 1.0 1.0 -96.77288731 -117.48308731 -1298.250155401033 -1312.270155401033 0.152256 0.00309563 1301.851934 1317.518591
44.298841 1.0 1.0 -116.97338731 -154.12998731 -1263.090155401033 -1287.210155401033 0.0120442 0.00707972 1268.494980 1296.405044
49.182641 1.0 1.0 -116.97338731 -117.48308731 -1263.090155401033 -1312.270155401033 0.0120442 0.00309563 1268.494980 1317.518591
40.549794 1.0 1.0 -116.97338731 -96.77288731 -1263.090155401033 -1298.250155401033 0.0120442 0.152256 1268.494980 1301.851934
41.808888 1.0 1.0 -115.15478731 -154.12998731 -1272.080155401033 -1287.210155401033 0.0554802 0.00707972 1277.281702 1296.405044
40.257385 1.0 1.0 -115.15478731 -117.48308731 -1272.080155401033 -1312.270155401033 0.0554802 0.00309563 1277.281702 1317.518591
31.980668 1.0 1.0 -115.15478731 -96.77288731 -1272.080155401033 -1298.250155401033 0.0554802 0.152256 1277.281702 1301.851934
9.172099 1.0 1.0 -115.15478731 -116.97338731 -1272.080155401033 -1263.090155401033 0.0554802 0.0120442 1277.281702 1268.494980
48.354672 1.0 1.0 -48.49477731 -96.77288731 -1295.530155401033 -1298.250155401033 0.000672545 0.152256 1296.437475 1301.851934
47.628537 1.0 1.0 -49.14851731 -96.77288731 -1297.6201554010331 -1298.250155401033 0.000374694 0.152256 1298.550594 1301.851934
2.189858 1.0 1.0 -49.14851731 -48.49477731 -1297.6201554010331 -1295.530155401033 0.000374694 0.000672545 1298.550594 1296.437475
49.328073 1.0 1.0 -47.54231991 -96.77288731 -1301.350155401033 -1298.250155401033 0.03746 0.152256 1302.218299 1301.851934
5.897421 1.0 1.0 -47.54231991 -48.49477731 -1301.350155401033 -1295.530155401033 0.03746 0.000672545 1302.218299 1296.437475
4.061129 1.0 1.0 -47.54231991 -49.14851731 -1301.350155401033 -1297.6201554010331 0.03746 0.000374694 1302.218299 1298.550594
46.606141 1.0 1.0 -50.285147310000006 -96.77288731 -1301.570155401033 -1298.250155401033 0.06669850000000001 0.152256 1302.541157 1301.851934
6.299764 1.0 1.0 -50.285147310000006 -48.49477731 -1301.570155401033 -1295.530155401033 0.06669850000000001 0.000672545 1302.541157 1296.437475
4.110283 1.0 1.0 -50.285147310000006 -49.14851731 -1301.570155401033 -1297.6201554010331 0.06669850000000001 0.000374694 1302.541157 1298.550594
2.751636 1.0 1.0 -50.285147310000006 -47.54231991 -1301.570155401033 -1301.350155401033 0.06669850000000001 0.03746 1302.541157 1302.218299
47.321422 3.0 1.0 -49.495457310000006 -96.77288731 -1300.290155401033 -1298.250155401033 0.419364 0.152256 1301.231835 1301.851934
4.864048 3.0 1.0 -49.495457310000006 -48.49477731 -1300.290155401033 -1295.530155401033 0.419364 0.000672545 1301.231835 1296.437475
2.692446 3.0 1.0 -49.495457310000006 -49.14851731 -1300.290155401033 -1297.6201554010331 0.419364 0.000374694 1301.231835 1298.550594
2.222239 3.0 1.0 -49.495457310000006 -47.54231991 -1300.290155401033 -1301.350155401033 0.419364 0.03746 1301.231835 1302.218299
1.503998 3.0 1.0 -49.495457310000006 -50.285147310000006 -1300.290155401033 -1301.570155401033 0.419364 0.06669850000000001 1301.231835 1302.541157
57.186677 1.0 1.0 -762.13298731 -735.5069873100001 -1402.000155401033 -1351.390155401033 0.0351866 0.08676210000000001 1595.760360 1538.579176
56.028626 1.0 1.0 -762.13298731 -736.3619873100001 -1402.000155401033 -1352.250155401033 0.0351866 0.016229499999999997 1595.760360 1539.743309
32.081642 1.0 1.0 -762.13298731 -734.80798731 -1402.000155401033 -1385.190155401033 0.0351866 0.00167241 1595.760360 1568.022495
26.278087 1.0 1.0 103.27601269 128.55701268999997 1971.1298445989669 1963.959844598967 0.0308078 0.0922144 1973.833529 1968.162894
43.619833 1.0 3.0 281.08801269 303.04601269 -1249.490155401033 -1287.180155401033 0.000953598 0.355162 1280.717033 1322.372730
62.592930 1.0 3.0 299.82501269 303.04601269 -1224.670155401033 -1287.180155401033 0.000948108 0.355162 1260.837828 1322.372730
31.098353 1.0 1.0 299.82501269 281.08801269 -1224.670155401033 -1249.490155401033 0.000948108 0.000953598 1260.837828 1280.717033
62.115362 1.0 3.0 297.87801269000005 303.04601269 -1225.280155401033 -1287.180155401033 0.00797492 0.355162 1260.968980 1322.372730
29.462318 1.0 1.0 297.87801269000005 281.08801269 -1225.280155401033 -1249.490155401033 0.00797492 0.000953598 1260.968980 1280.717033
2.040321 1.0 1.0 297.87801269000005 299.82501269 -1225.280155401033 -1224.670155401033 0.00797492 0.000948108 1260.968980 1260.837828
63.480127 1.0 3.0 299.4820126900001 303.04601269 -1223.800155401033 -1287.180155401033 0.000178884 0.355162 1259.911226 1322.372730
31.596128 1.0 1.0 299.4820126900001 281.08801269 -1223.800155401033 -1249.490155401033 0.000178884 0.000953598 1259.911226 1280.717033
0.935173 1.0 1.0 299.4820126900001 299.82501269 -1223.800155401033 -1224.670155401033 0.000178884 0.000948108 1259.911226 1260.837828
2.182479 1.0 1.0 299.4820126900001 297.87801269000005 -1223.800155401033 -1225.280155401033 0.000178884 0.00797492 1259.911226 1260.968980
63.460552 2.0 3.0 299.47501269 303.04601269 -1223.820155401033 -1287.180155401033 0.624333 0.355162 1259.928988 1322.372730
31.575792 2.0 1.0 299.47501269 281.08801269 -1223.820155401033 -1249.490155401033 0.624333 0.000953598 1259.928988 1280.717033
0.919239 2.0 1.0 299.47501269 299.82501269 -1223.820155401033 -1224.670155401033 0.624333 0.000948108 1259.928988 1260.837828
2.163795 2.0 1.0 299.47501269 297.87801269000005 -1223.820155401033 -1225.280155401033 0.624333 0.00797492 1259.928988 1260.968980
0.021190 2.0 1.0 299.47501269 299.4820126900001 -1223.820155401033 -1223.800155401033 0.624333 0.000178884 1259.928988 1259.911226
44.851758 3.0 1.0 5627.84901269 5599.93901269 -1522.040155401033 -1557.150155401033 0.0372594 0.000346246 5830.033511 5812.403423
47.647435 3.0 1.0 5627.84901269 5674.50901269 -1522.040155401033 -1531.690155401033 0.0372594 0.00046502 5830.033511 5877.595364
18.804523 1.0 1.0 1428.53901269 1445.18901269 8240.989844598967 8232.249844598968 0.0129094 0.016322200000000002 8363.888888 8358.140271
31.941475 3.0 1.0 -2524.37098731 -2494.70098731 5031.479844598966 5043.309844598967 0.015694999999999997 0.00011185 5629.230703 5626.589305
42.285424 1.0 1.0 -785.51598731 -761.9949873099998 -1521.200155401033 -1486.060155401033 0.00592606 0.00937587 1712.041261 1670.033277
63.421357 1.0 3.0 -2811.97098731 -2861.30098731 -2567.630155401033 -2527.770155401033 0.00415389 0.00832667 3807.874138 3817.939929
22.956831 1.0 1.0 6022.26901269 6003.07901269 1786.499844598967 1773.899844598967 0.0132092 0.0442422 6281.664250 6259.686757
32.762494 1.0 1.0 6033.44901269 6003.07901269 1761.609844598967 1773.899844598967 0.0954076 0.0442422 6285.362061 6259.686757
53.483468 1.0 1.0 6033.44901269 6055.26901269 1761.609844598967 1712.779844598967 0.0954076 0.07803869999999999 6285.362061 6292.844954
27.285610 1.0 1.0 6033.44901269 6022.26901269 1761.609844598967 1786.499844598967 0.0954076 0.0132092 6285.362061 6281.664250
37.476090 1.0 1.0 -8604.32098731 -8599.54098731 6343.759844598967 6380.929844598967 0.000358276 0.00431603 10690.071497 10708.331844
22.712254 3.0 1.0 -8748.05098731 -8760.69098731 6456.029844598967 6437.1598445989675 0.0021669 0.00214281 10872.383245 10871.372197
12.082823 2.0 1.0 2409.11901269 2411.26901269 3527.289844598967 3539.1798445989666 0.0475128 0.00188541 4271.490146 4282.524048
16.394060 1.0 1.0 -4064.84098731 -4077.38098731 2168.179844598966 2178.7398445989666 0.00348379 0.0323898 4606.944333 4622.979886
42.767891 1.0 1.0 -4037.12098731 -4077.38098731 2193.169844598967 2178.7398445989666 0.0594736 0.0323898 4594.381333 4622.979886
37.321555 1.0 1.0 -4037.12098731 -4064.84098731 2193.169844598967 2168.179844598966 0.0594736 0.00348379 4594.381333 4606.944333
47.223559 1.0 1.0 -4042.67098731 -4077.38098731 2146.7198445989666 2178.7398445989666 0.0233457 0.0323898 4577.291208 4622.979886
30.855154 1.0 1.0 -4042.67098731 -4064.84098731 2146.7198445989666 2168.179844598966 0.0233457 0.00348379 4577.291208 4606.944333
46.780391 1.0 1.0 -4042.67098731 -4037.12098731 2146.7198445989666 2193.169844598967 0.0233457 0.0594736 4577.291208 4594.381333
41.970585 3.0 1.0 -4079.44098731 -4077.38098731 2220.659844598966 2178.7398445989666 0.0754943 0.0323898 4644.692553 4622.979886
54.473025 3.0 1.0 -4079.44098731 -4064.84098731 2220.659844598966 2168.179844598966 0.0754943 0.00348379 4644.692553 4606.944333
50.464666 3.0 1.0 -4079.44098731 -4037.12098731 2220.659844598966 2193.169844598967 0.0754943 0.0594736 4644.692553 4594.381333
20.554428 3.0 2.0 3185.73901269 3172.799012690001 2544.9698445989666 2528.999844598967 0.00675733 0.00657004 4077.475269 4057.399880
35.824288 3.0 1.0 1574.43901269 1607.31901269 77.531544598967 63.308844598967 0.013035499999999998 0.000518385 1576.346835 1608.565329
52.186600 1.0 1.0 417.32401269 452.62001269 3453.3198445989674 3414.8798445989673 0.0005305840000000001 0.0007992539999999999 3478.444664 3444.745162
47.834669 3.0 2.0 -14919.78098731 -14962.68098731 -7763.270155401034 -7742.110155401033 0.0160393 0.00223745 16818.686875 16847.020270
31.380973 1.0 1.0 -112.70418731 -111.31028731 -1562.6101554010331 -1531.260155401033 0.00981493 0.00122212 1566.669312 1535.300506
36.279094 1.0 1.0 252.55401269000004 241.50301269000005 397.98484459896696 363.42984459896695 0.0633697 0.000771986 471.354926 436.354165
11.423975 3.0 1.0 -145.71978731000004 -134.40008731 1460.579844598967 1462.119844598967 0.0366946 0.000248723 1467.830964 1468.283972
62.924893 3.0 1.0 -3220.73098731 -3243.63098731 -6843.150155401033 -6901.7601554010325 0.00385139 0.00418537 7563.187962 7625.971100
60.687938 1.0 1.0 4166.04 4213.77901269 -1948.59 -1986.060155401033 0.000648437 0.0080082 4599.227356 4658.365433
34.498505 1.0 1.0 1373.81 1357.87901269 6025.26 6055.859844598966 0.000633745 8.56915e-05 6179.895791 6206.228635
60.244416 1.0 1.0 4583.92 4623.209012689998 -2127.05 -2172.720155401033 0.016705200000000003 0.00618812 5053.381469 5108.304459
53.630662 1.0 1.0 4227.77 4197.43901269 1510.2 1554.429844598967 0.00036622699999999995 0.00274485 4489.403436 4476.019036
10.917031 3.0 1.0 5314.52 5318.58 812.0939999999999 801.96 0.0143362 0.00163339 5376.208654 5378.701800
49.655053 1.0 1.0 -1777.17 -1764.38098731 -2067.16 -2019.180155401033 0.00209236 0.000928014 2726.074774 2681.441547
50.007092 1.0 1.0 -256.78700000000003 -239.54098731 1001.81 954.8708445989673 0.0471392 0.0835224 1034.196712 984.458336
49.300223 1.0 1.0 -686.675 -735.9389873100001 1655.68 1657.569844598967 6.53289e-05 0.000503569 1792.428190 1813.599731
61.949706 3.0 1.0 -683.809 -735.9389873100001 1624.1 1657.569844598967 0.034215499999999996 0.000503569 1762.184882 1813.599731
31.709783 3.0 1.0 -683.809 -686.675 1624.1 1655.68 0.034215499999999996 6.53289e-05 1762.184882 1792.428190
9.006221 1.0 1.0 -43.2983 -39.0814 268.619 276.577 0.0493601 0.023056 272.086218 279.324529
44.609643 1.0 1.0 -8.650030000000001 -39.4599 414.293 446.55400000000003 0.000622564 0.035535199999999996 414.383292 448.294054
57.102465 2.0 1.0 -38.3607 -12.013587310000005 506.256 556.9168445989669 0.00968826 0.0494695 507.707279 557.046406
59.712118 2.0 1.0 -38.3607 -39.4599 506.256 446.55400000000003 0.00968826 0.035535199999999996 507.707279 448.294054
52.134199 1.0 1.0 -732.498 -746.1909873100002 558.281 608.5848445989669 0.00339108 0.00372912 920.994568 962.900048
35.798631 1.0 1.0 -482.282 -453.324 200.798 179.75099999999998 9.92592e-05 0.00032858599999999996 522.413404 487.660816
6.743056 2.0 1.0 -457.879 -453.324 174.77900000000002 179.75099999999998 0.0323195 0.00032858599999999996 490.102925 487.660816
35.672045 2.0 1.0 -457.879 -482.282 174.77900000000002 200.798 0.0323195 9.92592e-05 490.102925 522.413404
25.739089 3.0 1.0 -157.513 -131.814 818.3489999999999 819.785 0.00429429 0.00148335 833.369924 830.314625
31.217586 3.0 1.0 -152.877 -131.814 842.826 819.785 0.06922239999999999 0.00148335 856.578685 830.314625
24.912166 3.0 3.0 -152.877 -157.513 842.826 818.3489999999999 0.06922239999999999 0.00429429 856.578685 833.369924
17.880332 2.0 1.0 45.3654 27.4924 701.54 702.052 0.155911 0.0426096 703.005257 702.590096
41.601199 1.0 1.0 659.622 679.3800126900002 1042.94 1079.549844598967 0.11101400000000002 0.0360588 1234.027968 1275.533249
29.950646 1.0 1.0 687.317 679.3800126900002 1050.67 1079.549844598967 0.00662662 0.0360588 1255.512687 1275.533249
28.753538 1.0 1.0 687.317 659.622 1050.67 1042.94 0.00662662 0.11101400000000002 1255.512687 1234.027968
31.963376 1.0 1.0 693.7919999999999 679.3800126900002 1051.02 1079.549844598967 0.0361334 0.0360588 1259.361100 1275.533249
35.112324 1.0 1.0 693.7919999999999 659.622 1051.02 1042.94 0.0361334 0.11101400000000002 1259.361100 1234.027968
6.484453 1.0 1.0 693.7919999999999 687.317 1051.02 1050.67 0.0361334 0.00662662 1259.361100 1255.512687
58.712042 1.0 3.0 605.941 572.53201269 1064.37 1112.649844598967 0.00027411 0.0113544 1224.764464 1251.312344
57.800473 1.0 1.0 605.941 659.622 1064.37 1042.94 0.00027411 0.11101400000000002 1224.764464 1234.027968
56.738324 1.0 3.0 613.977 572.53201269 1073.9 1112.649844598967 0.06765030000000001 0.0113544 1237.024238 1251.312344
55.154217 1.0 1.0 613.977 659.622 1073.9 1042.94 0.06765030000000001 0.11101400000000002 1237.024238 1234.027968
12.465881 1.0 1.0 613.977 605.941 1073.9 1064.37 0.06765030000000001 0.00027411 1237.024238 1224.764464
54.083884 3.0 3.0 606.4830000000001 572.53201269 1070.55 1112.649844598967 0.659157 0.0113544 1230.406003 1251.312344
59.883766 3.0 1.0 606.4830000000001 659.622 1070.55 1042.94 0.659157 0.11101400000000002 1230.406003 1234.027968
6.203722 3.0 1.0 606.4830000000001 605.941 1070.55 1064.37 0.659157 0.00027411 1230.406003 1224.764464
8.208687 3.0 1.0 606.4830000000001 613.977 1070.55 1073.9 0.659157 0.06765030000000001 1230.406003 1237.024238
0.470397 3.0 1.0 578.947 578.535 695.393 695.62 0.0575755 0.00474468 904.848636 904.759598
59.217975 1.0 1.0 -179.565 -131.814 854.808 819.785 0.00130382 0.00148335 873.464542 830.314625
42.609264 1.0 3.0 -179.565 -157.513 854.808 818.3489999999999 0.00130382 0.00429429 873.464542 833.369924
29.254362 1.0 3.0 -179.565 -152.877 854.808 842.826 0.00130382 0.06922239999999999 873.464542 856.578685
11.536820 3.0 1.0 -824.38 -818.8409873100002 1773.24 1763.119844598967 0.00519943 0.00051899 1955.500571 1943.988721
27.662313 3.0 1.0 -350.971 -366.49 656.076 633.177 0.011097200000000002 0.000310049 744.054004 731.592806
57.817584 1.0 3.0 -189.66099999999997 -157.513 866.405 818.3489999999999 0.00206721 0.00429429 886.921033 833.369924
43.692470 1.0 3.0 -189.66099999999997 -152.877 866.405 842.826 0.00206721 0.06922239999999999 886.921033 856.578685
59.819616 1.0 3.0 -189.66099999999997 -180.12099999999998 866.405 925.459 0.00206721 0.000689044 886.921033 942.824446
15.375943 1.0 1.0 -189.66099999999997 -179.565 866.405 854.808 0.00206721 0.00130382 886.921033 873.464542
60.290214 1.0 3.0 -192.81099999999998 -157.513 867.2260000000001 818.3489999999999 0.0402088 0.00429429 888.401383 833.369924
46.798337 1.0 3.0 -192.81099999999998 -152.877 867.2260000000001 842.826 0.0402088 0.06922239999999999 888.401383 856.578685
59.599651 1.0 3.0 -192.81099999999998 -180.12099999999998 867.2260000000001 925.459 0.0402088 0.000689044 888.401383 942.824446
18.156631 1.0 1.0 -192.81099999999998 -179.565 867.2260000000001 854.808 0.0402088 0.00130382 888.401383 873.464542
3.255233 1.0 1.0 -192.81099999999998 -189.66099999999997 867.2260000000001 866.405 0.0402088 0.00206721 888.401383 886.921033
57.496213 2.0 3.0 -191.98 -157.513 864.3689999999999 818.3489999999999 0.811692 0.00429429 885.432148 833.369924
44.644658 2.0 3.0 -191.98 -152.877 864.3689999999999 842.826 0.811692 0.06922239999999999 885.432148 856.578685
62.230410 2.0 3.0 -191.98 -180.12099999999998 864.3689999999999 925.459 0.811692 0.000689044 885.432148 942.824446
15.669874 2.0 1.0 -191.98 -179.565 864.3689999999999 854.808 0.811692 0.00130382 885.432148 873.464542
3.085945 2.0 1.0 -191.98 -189.66099999999997 864.3689999999999 866.405 0.811692 0.00206721 885.432148 886.921033
2.975401 2.0 1.0 -191.98 -192.81099999999998 864.3689999999999 867.2260000000001 0.811692 0.0402088 885.432148 888.401383
41.455090 1.0 1.0 178.253 196.74501269 379.57599999999996 342.473844598967 0.0554809 0.06339109999999999 419.347197 394.964472
49.725950 1.0 1.0 3267.27 3223.59 166.425 142.661 0.0310853 0.021861000000000002 3271.505851 3226.745210
51.476777 1.0 1.0 -817.363 -860.1569999999999 -1124.61 -1153.22 0.000755338 0.00359435 1390.262538 1438.675235
45.818165 1.0 1.0 -753.439 -743.6939873100001 -1046.62 -1001.850155401033 0.07900039999999998 0.0466175 1289.606045 1247.711698
44.089572 1.0 1.0 -753.439 -795.7460000000001 -1046.62 -1059.03 0.07900039999999998 0.00563129 1289.606045 1324.672124
56.809535 1.0 1.0 3593.52 3646.87901269 993.831 974.333844598967 0.08645599999999999 0.000173421 3728.416024 3774.791779
53.148247 1.0 1.0 894.102 857.55701269 3328.35 3289.7598445989674 0.00764636 0.0692015 3446.350549 3399.694672
40.577631 1.0 3.0 1861.26 1823.97 2946.18 2930.18 0.010299299999999999 0.000115314 3484.862319 3451.495530
27.192318 1.0 1.0 -1848.22 -1824.18098731 -3080.88 -3093.590155401033 0.037239 0.00551649 3592.734160 3591.369700
16.549116 1.0 1.0 -2797.73 -2811.97098731 -2559.2 -2567.630155401033 7.7885e-05 0.00415389 3791.674801 3807.874138
16.374141 2.0 1.0 -2428.82 -2437.68 -3308.42 -3294.65 0.10301199999999999 0.0038063000000000003 4104.242864 4098.414621
17.703683 1.0 1.0 -782.3539999999999 -798.03898731 1519.97 1528.179844598967 0.0206524 0.0005332999999999999 1709.498927 1724.006921
55.175099 1.0 1.0 -585.934 -536.52098731 867.0189999999999 891.567844598967 0.0007180439999999999 0.0060396 1046.441875 1040.551773
41.957370 2.0 1.0 -595.1619999999999 -585.934 826.0889999999999 867.0189999999999 0.00244113 0.0007180439999999999 1018.155608 1046.441875
58.626160 3.0 1.0 1932.31 1959.85901269 1946.04 1894.289844598967 0.0125194 0.0098118 2742.424770 2725.689154
54.907228 1.0 3.0 849.497 799.7180126899998 3543.09 3519.9198445989673 0.00117913 0.0218459 3643.505441 3609.623888
12.359814 1.0 2.0 4110.69 4121.98 -5867.43 -5872.46 0.01356 0.0108042 7164.112442 7174.712926
32.657772 1.0 1.0 -1871.91 -1902.4 -8802.26 -8813.96 0.00856183 8.574860000000001e-05 8999.101519 9016.929446
22.857318 3.0 3.0 -8927.49 -8917.36 -4130.9 -4151.39 0.00561054 0.00010905 9836.890388 9836.327989
27.533383 1.0 1.0 381.635 388.99300000000005 226.28799999999998 199.75599999999997 0.00031711799999999997 0.0139295 443.679538 437.284820
32.889877 1.0 1.0 -956.9119999999999 -989.06998731 -3645.28 -3638.380155401033 0.129324 0.000189763 3768.785859 3770.420347
15.354026 3.0 1.0 -1081.77 -1072.58 1741.37 1753.67 0.0121257 0.00143331 2050.023368 2055.671746
59.250897 1.0 1.0 82.6889 77.7072 -32.0703 -91.1114 0.014909799999999999 0.0304704 88.690238 119.748470
49.264050 1.0 1.0 -51.368 -86.32728731 224.549 189.83884459896703 0.125299 0.269269 230.349571 208.545409
53.459081 1.0 1.0 -51.368 -39.0814 224.549 276.577 0.125299 0.023056 230.349571 279.324529
44.802734 1.0 1.0 -51.368 -43.2983 224.549 268.619 0.125299 0.0493601 230.349571 272.086218
50.973967 1.0 1.0 377.425 388.99300000000005 249.4 199.75599999999997 0.00939156 0.0139295 452.382571 437.284820
23.492310 1.0 1.0 377.425 381.635 249.4 226.28799999999998 0.00939156 0.00031711799999999997 452.382571 443.679538
19.130618 1.0 1.0 131.46200000000002 112.354 430.616 429.686 0.058325999999999996 0.000108807 450.235935 444.132277
6.323850 2.0 1.0 -5112.98 -5107.14 943.5419999999999 941.1160000000001 0.0336332 0.00138173 5199.311107 5193.127989
17.246977 1.0 1.0 -1460.1 -1448.75098731 366.365 379.351844598967 0.012741500000000001 0.00873808 1505.362190 1497.593819
62.504731 1.0 1.0 -1690.6 -1632.21098731 202.08599999999998 179.77984459896703 5.17346e-05 0.00100078 1702.635343 1642.082062
59.908099 1.0 1.0 -1493.67 -1448.75098731 418.991 379.351844598967 0.06962339999999999 0.00873808 1551.323154 1497.593819
62.421477 1.0 1.0 -1493.67 -1460.1 418.991 366.365 0.06962339999999999 0.012741500000000001 1551.323154 1505.362190
59.735022 1.0 1.0 -1439.1 -1381.65098731 383.245 366.87784459896704 0.07723789999999998 0.0507458 1489.256707 1429.530973
10.406643 1.0 1.0 -1439.1 -1448.75098731 383.245 379.351844598967 0.07723789999999998 0.00873808 1489.256707 1497.593819
26.943170 1.0 1.0 -1439.1 -1460.1 383.245 366.365 0.07723789999999998 0.012741500000000001 1489.256707 1505.362190
1.389022 1.0 1.0 -1450.14 -1448.75098731 379.35699999999997 379.351844598967 0.12147999999999999 0.00873808 1498.938876 1497.593819
16.370512 1.0 1.0 -1450.14 -1460.1 379.35699999999997 366.365 0.12147999999999999 0.012741500000000001 1498.938876 1505.362190
58.870322 1.0 1.0 -1450.14 -1493.67 379.35699999999997 418.991 0.12147999999999999 0.06962339999999999 1498.938876 1551.323154
11.704621 1.0 1.0 -1450.14 -1439.1 379.35699999999997 383.245 0.12147999999999999 0.07723789999999998 1498.938876 1489.256707
1.141511 3.0 1.0 -1448.79 -1448.75098731 378.211 379.351844598967 0.15823099999999998 0.00873808 1497.342988 1497.593819
16.378151 3.0 1.0 -1448.79 -1460.1 378.211 366.365 0.15823099999999998 0.012741500000000001 1497.342988 1505.362190
60.640109 3.0 1.0 -1448.79 -1493.67 378.211 418.991 0.15823099999999998 0.06962339999999999 1497.342988 1551.323154
10.919581 3.0 1.0 -1448.79 -1439.1 378.211 383.245 0.15823099999999998 0.07723789999999998 1497.342988 1489.256707
1.770824 3.0 1.0 -1448.79 -1450.14 378.211 379.35699999999997 0.15823099999999998 0.12147999999999999 1497.342988 1498.938876
27.660906 1.0 1.0 5935.01 5907.42901269 -844.605 -846.706155401033 0.00020597400000000002 0.0134624 5994.806194 5967.799331
49.125497 3.0 1.0 2667.01 2704.05 1609.91 1577.64 0.0814426 0.0393371 3115.245183 3130.628431
57.291596 1.0 1.0 1556.27 1607.31901269 89.3151 63.308844598967 0.332137 0.000518385 1558.830812 1608.565329
21.655604 1.0 3.0 1556.27 1574.43901269 89.3151 77.531544598967 0.332137 0.013035499999999998 1558.830812 1576.346835
8.965712 3.0 1.0 1462.04 1469.4 -2136.27 -2141.39 0.12704000000000001 0.00734373 2588.669634 2597.053617
38.421256 1.0 1.0 779.1210000000001 809.92001269 -1365.61 -1342.640155401033 0.08221289999999999 0.0156651 1572.234144 1568.009252
25.453601 1.0 1.0 -7638.1 -7658.83 -8269.14 -8254.37 0.00150795 0.00410231 11256.964420 11260.208749
51.256050 1.0 1.0 -2328.21 -2278.87098731 -398.842 -384.95515540103304 0.06242090000000001 0.05099 2362.125472 2311.156301
34.690554 1.0 3.0 1993.59 2001.77901269 -2229.0 -2262.710155401033 0.00443306 0.07766410000000001 2990.458508 3021.088622
49.576653 1.0 1.0 443.19199999999995 393.82001269 -1290.66 -1295.160155401033 6.52301e-05 0.160709 1364.632692 1353.711206
11.064900 2.0 1.0 1006.31 1013.48901269 -1497.64 -1489.220155401033 0.0196884 0.00655646 1804.324080 1801.370770
15.994826 1.0 1.0 -3186.44 -3201.90098731 -501.73900000000003 -497.64115540103296 0.000169646 0.0151321 3225.700218 3240.342058
39.691133 1.0 1.0 -3580.25 -3550.47 -3813.39 -3787.15 0.0625814 0.109849 5230.691480 5191.179283
40.358875 1.0 1.0 -13757.7 -13797.98098731 -124.225 -126.731155401033 0.0162079 0.0005605159999999999 13758.260833 13798.562973
58.694546 1.0 1.0 1704.95 1760.12901269 -950.14 -970.148155401033 0.000431872 0.00146309 1951.824921 2009.786453
44.685055 1.0 3.0 452.98199999999997 497.667 1037.63 1037.7 8.565120000000001e-05 0.0032177 1132.196409 1150.866514
12.006665 1.0 1.0 2446.8 2453.68 -2408.95 -2418.79 0.0143102 0.000487554 3433.638062 3445.444907
2.200568 2.0 1.0 1659.49 1661.69 -2415.02 -2415.07 0.0792175 5.50166e-05 2930.226725 2931.514414
13.309019 2.0 3.0 5849.96 5863.16 17040.3 17038.6 0.018906299999999997 0.00884382 18016.488451 18019.171322
58.404775 1.0 1.0 3408.49 3462.26901269 6836.88 6814.099844598967 7.51237e-05 0.0318224 7639.419626 7643.249532
15.214125 3.0 1.0 3406.99 3408.49 6852.02 6836.88 0.0334089 7.51237e-05 7652.304159 7639.419626
63.787461 3.0 3.0 3406.99 3343.68 6852.02 6859.81 0.0334089 0.00020648900000000002 7652.304159 7631.329450
61.760117 1.0 1.0 5794.32 5788.04 -2497.88 -2436.44 0.00387138 0.000216144 6309.797838 6279.940041
60.370246 2.0 1.0 5794.25 5788.04 -2496.49 -2436.44 0.0472638 0.000216144 6309.183416 6279.940041
1.391761 2.0 1.0 5794.25 5794.32 -2496.49 -2497.88 0.0472638 0.00387138 6309.183416 6309.797838
9.565960 2.0 1.0 25598.1 25588.8 -6957.23 -6954.99 0.00965279 0.00140876 26526.699246 26517.137314
28.913618 1.0 1.0 -9103.17 -9131.5 -4751.18 -4745.4 0.000272893 0.012816399999999999 10268.467044 10290.923837
6.302706 2.0 3.0 16922.2 16921.8 -7362.33 -7356.04 0.00712188 0.00232742 18454.396654 18451.521339
57.915351 1.0 2.0 1154.78 1119.89901269 -852.288 -898.5211554010332 0.0118002 0.0527034 1435.239243 1435.797362
58.825511 1.0 1.0 -610.403 -639.45698731 3691.37 3742.519844598967 0.00139546 0.00496648 3741.497601 3796.756514
57.584430 1.0 3.0 1467.56 1411.61901269 337.423 323.763844598967 0.0009626610000000001 0.030824 1505.850801 1448.271820
57.591379 1.0 1.0 -2210.17 -2164.04098731 9351.17 9316.689844598968 0.00164045 0.0108772 9608.810114 9564.715524
34.007352 3.0 1.0 18356.0 18353.3 -25487.7 -25521.6 0.00598827 0.000267773 31409.641629 31435.579960
55.389341 1.0 1.0 -13343.1 -13292.18098731 12368.6 12390.399844598967 0.023174700000000003 0.0445393 18193.971078 18171.518476
51.441643 2.0 1.0 8939.94 8946.59 -4287.97 -4338.98 0.0221602 0.00016155 9915.100298 9943.249975
59.029571 3.0 1.0 -71.03 -111.42878731 2075.54 2118.5798445989667 0.00180291 0.00519469 2076.755054 2121.508174
58.873328 1.0 1.0 19304.6 19248.419012690007 10417.1 10399.499844598968 0.024214799999999998 0.00151129 21935.896462 21878.099358
55.931677 1.0 1.0 -524.097 -489.72 -1132.05 -1087.93 0.0930943 0.00030403099999999996 1247.483414 1193.070561
48.772561 3.0 1.0 2485.38 2437.049012690001 -510.829 -517.3771554010331 0.000705953 0.00645482 2537.333248 2491.362481
48.062011 1.0 1.0 3748.14 3783.27 11367.8 11400.6 0.00536065 0.000168292 11969.771522 12011.944566
23.517694 3.0 1.0 -1552.98 -1559.69098731 -2027.67 -2005.130155401033 0.00490779 0.0089621 2554.054132 2540.311579
41.336015 3.0 1.0 -1552.98 -1534.43 -2027.67 -2064.61 0.00490779 0.00589562 2554.054132 2572.370478
45.165279 1.0 1.0 564.992 578.535 652.533 695.62 0.00365219 0.00474468 863.142674 904.759598
45.074623 1.0 3.0 564.992 578.947 652.533 695.393 0.00365219 0.0575755 863.142674 904.848636
28.183400 1.0 1.0 552.217 578.535 685.5369999999999 695.62 0.0657674 0.00474468 880.286654 904.759598
28.489185 1.0 3.0 552.217 578.947 685.5369999999999 695.393 0.0657674 0.0575755 880.286654 904.848636
35.390177 1.0 1.0 552.217 564.992 685.5369999999999 652.533 0.0657674 0.00365219 880.286654 863.142674
53.451206 2.0 1.0 584.423 533.0830000000001 338.87 323.996 0.208837 0.000127297 675.561337 623.819600
25.787699 1.0 1.0 -900.4169999999999 -883.0939873100001 724.0260000000001 743.1288445989668 0.00629099 0.000629332 1155.406605 1154.164403
40.835750 1.0 2.0 -782.5210000000001 -742.0639873100001 -95.7818 -90.233055401033 0.00211647 0.0151834 788.361128 747.529909
63.066059 1.0 1.0 -4627.6 -4590.01098731 -1481.86 -1431.220155401033 0.117833 0.00642929 4859.073041 4807.971713
32.401210 1.0 1.0 1916.62 1913.82 -3142.97 -3175.25 0.000511658 0.00144401 3681.262371 3707.414133
53.377883 3.0 1.0 2440.48 2453.68 -2470.51 -2418.79 0.0006958089999999999 0.000487554 3472.659253 3445.444907
61.883568 3.0 1.0 2440.48 2446.8 -2470.51 -2408.95 0.0006958089999999999 0.0143102 3472.659253 3433.638062
61.941183 3.0 1.0 2468.67 2453.68 -2478.89 -2418.79 0.0231368 0.000487554 3498.460690 3445.444907
29.409191 3.0 3.0 2468.67 2440.48 -2478.89 -2470.51 0.0231368 0.0006958089999999999 3498.460690 3472.659253
32.532471 1.0 1.0 3108.59 3139.6490126900007 -1413.11 -1403.430155401033 0.00239235 0.0762257 3414.705208 3439.042327
46.109042 1.0 1.0 -382.80300000000005 -428.911 -1166.55 -1166.24 0.0225899 0.0190232 1227.752841 1242.610310
36.875722 1.0 1.0 289.595 312.63101269 665.692 636.8968445989669 0.000247019 0.0196697 725.955304 709.489775
20.566168 1.0 1.0 706.048 698.1160000000001 234.41400000000002 215.43900000000002 0.0281008 0.0293772 743.944690 730.602431
60.303111 1.0 1.0 115.32 82.6889 18.6414 -32.0703 0.0161997 0.014909799999999999 116.816969 88.690238
61.147590 1.0 1.0 -110.01 -160.00998731 -325.376 -290.176155401033 0.00085313 0.487989 343.470146 331.368974
59.216474 1.0 1.0 -110.01 -50.79383731 -325.376 -325.568155401033 0.00085313 0.0005800369999999999 343.470146 329.506658
56.272751 1.0 1.0 -110.01 -61.97358731 -325.376 -296.065155401033 0.00085313 0.017161000000000003 343.470146 302.481903
48.588063 1.0 1.0 96.8542 52.51741269 -217.88400000000001 -198.00815540103298 0.0039441 0.07249630000000001 238.441132 204.854359
38.749740 1.0 1.0 -2644.71 -2636.78098731 1935.94 1973.869844598967 0.00177237 0.028948200000000007 3277.553153 3293.748038
33.280969 3.0 1.0 -2638.22 -2636.78098731 1940.62 1973.869844598967 0.0325707 0.028948200000000007 3275.089427 3293.748038
8.001406 3.0 1.0 -2638.22 -2644.71 1940.62 1935.94 0.0325707 0.00177237 3275.089427 3277.553153
27.594393 1.0 1.0 -2645.87 -2644.71 1908.37 1935.94 0.062242599999999995 0.00177237 3262.285106 3277.553153
33.144909 1.0 3.0 -2645.87 -2638.22 1908.37 1940.62 0.062242599999999995 0.0325707 3262.285106 3275.089427
60.530093 1.0 1.0 762.3739999999999 706.003 -2382.99 -2360.94 0.00108056 0.00866077 2501.970315 2464.239826
17.358811 3.0 1.0 5430.08 5447.27 613.1619999999999 615.577 0.0185018 8.36076e-05 5464.589321 5481.941763
5.085234 3.0 1.0 8476.65 8478.01 -17081.8 -17076.9 0.00748064 0.000242148 19069.386106 19065.601673
19.840363 1.0 1.0 14531.7 14512.5 11543.0 11548.0 0.00216144 0.00326872 18558.317647 18546.400197
18.309833 2.0 1.0 14529.9 14512.5 11542.3 11548.0 0.092915 0.00326872 18556.472814 18546.400197
1.931321 2.0 1.0 14529.9 14531.7 11542.3 11543.0 0.092915 0.00216144 18556.472814 18558.317647
50.703298 1.0 1.0 974.563 1013.48901269 -1521.71 -1489.220155401033 0.0838372 0.00655646 1807.034688 1801.370770
39.840142 1.0 2.0 974.563 1006.31 -1521.71 -1497.64 0.0838372 0.0196884 1807.034688 1804.324080
16.705525 1.0 1.0 -2502.99 -2517.05098731 -2200.87 -2209.890155401033 8.94906e-05 0.00014968799999999998 3332.984803 3349.501481
0.885664 2.0 1.0 -4616.48 -4616.86 -15440.3 -15441.1 0.025799000000000002 0.000771047 16115.667894 16116.543223
57.714643 2.0 1.0 -306.907 -336.534 -3273.81 -3224.28 0.025481900000000002 0.000186047 3288.164203 3241.795282
43.009242 1.0 3.0 -53.6012 -31.2725 -523.453 -560.212 0.00200739 0.00609096 526.190205 561.084177
41.137044 2.0 3.0 -54.6629 -31.2725 -526.372 -560.212 0.0340195 0.00609096 529.202716 561.084177
3.106086 2.0 1.0 -54.6629 -53.6012 -526.372 -523.453 0.0340195 0.00200739 529.202716 526.190205
56.481452 1.0 1.0 -7663.26 -7658.13 208.614 152.366 0.00030837299999999997 0.000552289 7666.098984 7659.645585
61.701040 1.0 1.0 10093.1 10151.01901269 2331.86 2353.129844598967 0.000609913 0.000262991 10358.968996 10420.192276
56.698103 1.0 1.0 5791.95 5760.72901269 290.112 337.439844598967 0.00891412 0.0670494 5799.211134 5770.603470
48.627053 1.0 1.0 -9786.12 -9786.44 -900.317 -948.943 0.030278500000000003 0.00015972799999999999 9827.447042 9832.339533
45.733472 1.0 1.0 -9831.84 -9786.12 -901.427 -900.317 0.0125625 0.030278500000000003 9873.076948 9827.447042
49.582224 1.0 1.0 -8756.08 -8798.68 -1593.7 -1568.33 0.00011232 0.0025921 8899.933520 8937.361396
21.187284 1.0 1.0 -8780.97 -8798.68 -1579.96 -1568.33 0.0439257 0.0025921 8921.978914 8937.361396
28.430612 1.0 1.0 -8780.97 -8756.08 -1579.96 -1593.7 0.0439257 0.00011232 8921.978914 8899.933520
16.970000 3.0 1.0 -8782.03 -8798.68 -1565.05 -1568.33 0.04713869999999999 0.0025921 8920.394185 8937.361396
38.655207 3.0 1.0 -8782.03 -8756.08 -1565.05 -1593.7 0.04713869999999999 0.00011232 8920.394185 8899.933520
14.947632 3.0 1.0 -8782.03 -8780.97 -1565.05 -1579.96 0.04713869999999999 0.0439257 8920.394185 8921.978914
47.117312 1.0 1.0 -45.9716 -12.7761 832.118 865.556 0.0129453 0.050373400000000006 833.386917 865.650286
60.059205 1.0 1.0 5861.92 5804.27 2266.72 2283.56 0.0127899 0.0008944539999999999 6284.912541 6237.322864
7.515344 3.0 1.0 -9760.53 -9753.03 4819.31 4818.83 0.0194158 0.00324944 10885.480915 10878.543871
26.978129 1.0 1.0 4479.54 4457.709012689998 -4076.31 -4092.1601554010326 0.000568762 0.0115982 6056.614717 6051.193633
57.451022 1.0 1.0 12616.1 12563.41901269 1198.1 1175.179844598967 0.00134999 0.0016051 12672.861667 12618.262359
63.831810 1.0 1.0 1179.62 1121.44 -4489.48 -4463.22 0.000109591 0.00632209 4641.867514 4601.951808
49.760511 1.0 1.0 2577.46 2528.32901269 -6906.67 -6914.560155401034 0.0009243519999999999 0.00015215200000000002 7371.932619 7362.308723
14.836763 1.0 1.0 859.885 851.748 29.7986 17.3922 0.00794246 0.0367602 860.401168 851.925551
62.709635 1.0 1.0 2350.56 2321.32901269 -1829.62 -1885.100155401033 0.0219138 0.0132121 2978.697980 2990.346298
42.843825 3.0 1.0 1035.1 1064.27 2206.95 2175.57 0.114586 0.00246736 2437.634163 2421.936303
29.104956 1.0 2.0 138.27100000000002 114.56801269 -1399.28 -1382.390155401033 0.0404161 0.0154311 1406.095085 1387.129544
38.458331 1.0 1.0 346.92400000000004 309.643 905.268 914.711 0.00199468 0.0009354010000000001 969.467077 965.699229
37.830093 3.0 1.0 346.004 309.643 904.2710000000001 914.711 0.034263800000000004 0.0009354010000000001 968.207008 965.699229
1.356617 3.0 1.0 346.004 346.92400000000004 904.2710000000001 905.268 0.034263800000000004 0.00199468 968.207008 969.467077
31.959527 1.0 1.0 340.704 309.643 907.186 914.711 0.00478836 0.0009354010000000001 969.054000 965.699229
6.509003 1.0 1.0 340.704 346.92400000000004 907.186 905.268 0.00478836 0.00199468 969.054000 969.467077
6.048737 1.0 3.0 340.704 346.004 907.186 904.2710000000001 0.00478836 0.034263800000000004 969.054000 968.207008
32.451061 2.0 1.0 340.452 309.643 904.5189999999999 914.711 0.0582361 0.0009354010000000001 966.468926 965.699229
6.515196 2.0 1.0 340.452 346.92400000000004 904.5189999999999 905.268 0.0582361 0.00199468 966.468926 969.467077
5.557536 2.0 3.0 340.452 346.004 904.5189999999999 904.2710000000001 0.0582361 0.034263800000000004 966.468926 968.207008
2.678879 2.0 1.0 340.452 340.704 904.5189999999999 907.186 0.0582361 0.00478836 966.468926 969.054000
59.606662 1.0 3.0 15231.7 15221.4 -2152.49 -2093.78 0.00777 0.0013978 15383.039300 15364.730152
17.712857 1.0 1.0 -1746.75 -1740.49098731 -735.4810000000001 -752.051155401033 0.00378422 0.0545155 1895.275142 1896.019466
56.451184 1.0 1.0 -4914.43 -4918.42 2683.72 2627.41 0.0005980930000000001 0.00368123 5599.462051 5576.211851
59.072230 1.0 1.0 -3786.82 -3742.54 -10491.5 -10530.6 0.0004989619999999999 0.000885462 11153.993812 11175.873210
52.373586 1.0 1.0 1908.21 1873.5 -2003.58 -2042.8 0.00431507 0.0195892 2766.875173 2771.828655
59.024677 1.0 1.0 25400.3 25449.0 -4031.29 -4064.64 0.00758038 0.04296319999999999 25718.214152 25771.552133
59.361347 2.0 1.0 -79.7309 -117.48308731 -1358.08 -1312.270155401033 0.0159432 0.00309563 1360.418429 1317.518591
62.209643 2.0 1.0 -79.7309 -96.77288731 -1358.08 -1298.250155401033 0.0159432 0.152256 1360.418429 1301.851934
63.721385 2.0 1.0 -79.7309 -50.285147310000006 -1358.08 -1301.570155401033 0.0159432 0.06669850000000001 1360.418429 1302.541157
38.937493 2.0 1.0 -79.7309 -100.541 -1358.08 -1390.99 0.0159432 0.00780347 1360.418429 1394.618827
21.503369 1.0 2.0 726.0169999999999 738.5130126899999 4005.27 4022.769844598967 0.00105606 0.00246441 4070.539087 4089.997395
17.792994 1.0 3.0 -16.7667 -31.2725 -570.516 -560.212 0.0146412 0.00609096 570.762322 561.084177
59.763755 1.0 1.0 -16.7667 -53.6012 -570.516 -523.453 0.0146412 0.00200739 570.762322 526.190205
58.179160 1.0 2.0 -16.7667 -54.6629 -570.516 -526.372 0.0146412 0.0340195 570.762322 529.202716
62.600155 1.0 2.0 -3001.63 -3050.18098731 678.426 717.942844598967 0.0160918 0.0450838 3077.343740 3133.535700
49.252048 1.0 1.0 -1489.55 -1537.71 605.5269999999999 615.841 0.0451804 0.010783200000000001 1607.924796 1656.445647
29.703088 1.0 1.0 -1489.55 -1461.05 605.5269999999999 597.159 0.0451804 0.000509267 1607.924796 1578.374472
54.069759 1.0 1.0 -1496.31 -1537.71 581.062 615.841 0.106025 0.010783200000000001 1605.171849 1656.445647
45.217196 1.0 1.0 -1496.31 -1503.09 581.062 536.356 0.106025 0.0764387 1605.171849 1595.918954
38.760560 1.0 1.0 -1496.31 -1461.05 581.062 597.159 0.106025 0.000509267 1605.171849 1578.374472
25.381762 1.0 1.0 -1496.31 -1489.55 581.062 605.5269999999999 0.106025 0.0451804 1605.171849 1607.924796
48.511833 3.0 1.0 -1549.06 -1503.09 520.859 536.356 0.12466300000000001 0.0764387 1634.283018 1595.918954
58.137701 1.0 1.0 -177.16400000000002 -122.693 4067.95 4047.63 0.00144903 0.00299859 4071.806023 4049.489127
63.265138 1.0 1.0 -218.808 -214.91099999999997 -949.025 -1012.17 0.403463 0.021787099999999997 973.922683 1034.734191
55.779951 1.0 1.0 562.558 506.97401269000005 60.8804 65.551944598967 0.0446255 0.0010422 565.842669 511.194393
61.538981 1.0 2.0 562.558 502.07301269 60.8804 72.221144598967 0.0446255 0.027375 565.842669 507.240775
