10.917031 3.0 1.0 5314.52 5318.58 812.0939999999999 801.96 0.0143362 0.00163339 5376.208654 5378.701800
31.709783 3.0 1.0 -683.809 -686.675 1624.1 1655.68 0.034215499999999996 6.53289e-05 1762.184882 1792.428190
9.006221 1.0 1.0 -43.2983 -39.0814 268.619 276.577 0.0493601 0.023056 272.086218 279.324529
44.609643 1.0 1.0 -8.650030000000001 -39.4599 414.293 446.55400000000003 0.000622564 0.035535199999999996 414.383292 448.294054
59.712118 2.0 1.0 -38.3607 -39.4599 506.256 446.55400000000003 0.00968826 0.035535199999999996 507.707279 448.294054
35.798631 1.0 1.0 -482.282 -453.324 200.798 179.75099999999998 9.92592e-05 0.00032858599999999996 522.413404 487.660816
6.743056 2.0 1.0 -457.879 -453.324 174.77900000000002 179.75099999999998 0.0323195 0.00032858599999999996 490.102925 487.660816
35.672045 2.0 1.0 -457.879 -482.282 174.77900000000002 200.798 0.0323195 9.92592e-05 490.102925 522.413404
25.739089 3.0 1.0 -157.513 -131.814 818.3489999999999 819.785 0.00429429 0.00148335 833.369924 830.314625
31.217586 3.0 1.0 -152.877 -131.814 842.826 819.785 0.06922239999999999 0.00148335 856.578685 830.314625
24.912166 3.0 3.0 -152.877 -157.513 842.826 818.3489999999999 0.06922239999999999 0.00429429 856.578685 833.369924
17.880332 2.0 1.0 45.3654 27.4924 701.54 702.052 0.155911 0.0426096 703.005257 702.590096
28.753538 1.0 1.0 687.317 659.622 1050.67 1042.94 0.00662662 0.11101400000000002 1255.512687 1234.027968
35.112324 1.0 1.0 693.7919999999999 659.622 1051.02 1042.94 0.0361334 0.11101400000000002 1259.361100 1234.027968
6.484453 1.0 1.0 693.7919999999999 687.317 1051.02 1050.67 0.0361334 0.00662662 1259.361100 1255.512687
57.800473 1.0 1.0 605.941 659.622 1064.37 1042.94 0.00027411 0.11101400000000002 1224.764464 1234.027968
55.154217 1.0 1.0 613.977 659.622 1073.9 1042.94 0.06765030000000001 0.11101400000000002 1237.024238 1234.027968
12.465881 1.0 1.0 613.977 605.941 1073.9 1064.37 0.06765030000000001 0.00027411 1237.024238 1224.764464
59.883766 3.0 1.0 606.4830000000001 659.622 1070.55 1042.94 0.659157 0.11101400000000002 1230.406003 1234.027968
6.203722 3.0 1.0 606.4830000000001 605.941 1070.55 1064.37 0.659157 0.00027411 1230.406003 1224.764464
8.208687 3.0 1.0 606.4830000000001 613.977 1070.55 1073.9 0.659157 0.06765030000000001 1230.406003 1237.024238
0.470397 3.0 1.0 578.947 578.535 695.393 695.62 0.0575755 0.00474468 904.848636 904.759598
59.217975 1.0 1.0 -179.565 -131.814 854.808 819.785 0.00130382 0.00148335 873.464542 830.314625
42.609264 1.0 3.0 -179.565 -157.513 854.808 818.3489999999999 0.00130382 0.00429429 873.464542 833.369924
29.254362 1.0 3.0 -179.565 -152.877 854.808 842.826 0.00130382 0.06922239999999999 873.464542 856.578685
27.662313 3.0 1.0 -350.971 -366.49 656.076 633.177 0.011097200000000002 0.000310049 744.054004 731.592806
57.817584 1.0 3.0 -189.66099999999997 -157.513 866.405 818.3489999999999 0.00206721 0.00429429 886.921033 833.369924
43.692470 1.0 3.0 -189.66099999999997 -152.877 866.405 842.826 0.00206721 0.06922239999999999 886.921033 856.578685
59.819616 1.0 3.0 -189.66099999999997 -180.12099999999998 866.405 925.459 0.00206721 0.000689044 886.921033 942.824446
15.375943 1.0 1.0 -189.66099999999997 -179.565 866.405 854.808 0.00206721 0.00130382 886.921033 873.464542
60.290214 1.0 3.0 -192.81099999999998 -157.513 867.2260000000001 818.3489999999999 0.0402088 0.00429429 888.401383 833.369924
46.798337 1.0 3.0 -192.81099999999998 -152.877 867.2260000000001 842.826 0.0402088 0.06922239999999999 888.401383 856.578685
59.599651 1.0 3.0 -192.81099999999998 -180.12099999999998 867.2260000000001 925.459 0.0402088 0.000689044 888.401383 942.824446
18.156631 1.0 1.0 -192.81099999999998 -179.565 867.2260000000001 854.808 0.0402088 0.00130382 888.401383 873.464542
3.255233 1.0 1.0 -192.81099999999998 -189.66099999999997 867.2260000000001 866.405 0.0402088 0.00206721 888.401383 886.921033
57.496213 2.0 3.0 -191.98 -157.513 864.3689999999999 818.3489999999999 0.811692 0.00429429 885.432148 833.369924
44.644658 2.0 3.0 -191.98 -152.877 864.3689999999999 842.826 0.811692 0.06922239999999999 885.432148 856.578685
62.230410 2.0 3.0 -191.98 -180.12099999999998 864.3689999999999 925.459 0.811692 0.000689044 885.432148 942.824446
15.669874 2.0 1.0 -191.98 -179.565 864.3689999999999 854.808 0.811692 0.00130382 885.432148 873.464542
3.085945 2.0 1.0 -191.98 -189.66099999999997 864.3689999999999 866.405 0.811692 0.00206721 885.432148 886.921033
2.975401 2.0 1.0 -191.98 -192.81099999999998 864.3689999999999 867.2260000000001 0.811692 0.0402088 885.432148 888.401383
49.725950 1.0 1.0 3267.27 3223.59 166.425 142.661 0.0310853 0.021861000000000002 3271.505851 3226.745210
51.476777 1.0 1.0 -817.363 -860.1569999999999 -1124.61 -1153.22 0.000755338 0.00359435 1390.262538 1438.675235
44.089572 1.0 1.0 -753.439 -795.7460000000001 -1046.62 -1059.03 0.07900039999999998 0.00563129 1289.606045 1324.672124
40.577631 1.0 3.0 1861.26 1823.97 2946.18 2930.18 0.010299299999999999 0.000115314 3484.862319 3451.495530
16.374141 2.0 1.0 -2428.82 -2437.68 -3308.42 -3294.65 0.10301199999999999 0.0038063000000000003 4104.242864 4098.414621
41.957370 2.0 1.0 -595.1619999999999 -585.934 826.0889999999999 867.0189999999999 0.00244113 0.0007180439999999999 1018.155608 1046.441875
12.359814 1.0 2.0 4110.69 4121.98 -5867.43 -5872.46 0.01356 0.0108042 7164.112442 7174.712926
32.657772 1.0 1.0 -1871.91 -1902.4 -8802.26 -8813.96 0.00856183 8.574860000000001e-05 8999.101519 9016.929446
22.857318 3.0 3.0 -8927.49 -8917.36 -4130.9 -4151.39 0.00561054 0.00010905 9836.890388 9836.327989
27.533383 1.0 1.0 381.635 388.99300000000005 226.28799999999998 199.75599999999997 0.00031711799999999997 0.0139295 443.679538 437.284820
15.354026 3.0 1.0 -1081.77 -1072.58 1741.37 1753.67 0.0121257 0.00143331 2050.023368 2055.671746
59.250897 1.0 1.0 82.6889 77.7072 -32.0703 -91.1114 0.014909799999999999 0.0304704 88.690238 119.748470
53.459081 1.0 1.0 -51.368 -39.0814 224.549 276.577 0.125299 0.023056 230.349571 279.324529
44.802734 1.0 1.0 -51.368 -43.2983 224.549 268.619 0.125299 0.0493601 230.349571 272.086218
50.973967 1.0 1.0 377.425 388.99300000000005 249.4 199.75599999999997 0.00939156 0.0139295 452.382571 437.284820
23.492310 1.0 1.0 377.425 381.635 249.4 226.28799999999998 0.00939156 0.00031711799999999997 452.382571 443.679538
19.130618 1.0 1.0 131.46200000000002 112.354 430.616 429.686 0.058325999999999996 0.000108807 450.235935 444.132277
6.323850 2.0 1.0 -5112.98 -5107.14 943.5419999999999 941.1160000000001 0.0336332 0.00138173 5199.311107 5193.127989
62.421477 1.0 1.0 -1493.67 -1460.1 418.991 366.365 0.06962339999999999 0.012741500000000001 1551.323154 1505.362190
26.943170 1.0 1.0 -1439.1 -1460.1 383.245 366.365 0.07723789999999998 0.012741500000000001 1489.256707 1505.362190
16.370512 1.0 1.0 -1450.14 -1460.1 379.35699999999997 366.365 0.12147999999999999 0.012741500000000001 1498.938876 1505.362190
58.870322 1.0 1.0 -1450.14 -1493.67 379.35699999999997 418.991 0.12147999999999999 0.06962339999999999 1498.938876 1551.323154
11.704621 1.0 1.0 -1450.14 -1439.1 379.35699999999997 383.245 0.12147999999999999 0.07723789999999998 1498.938876 1489.256707
16.378151 3.0 1.0 -1448.79 -1460.1 378.211 366.365 0.15823099999999998 0.012741500000000001 1497.342988 1505.362190
60.640109 3.0 1.0 -1448.79 -1493.67 378.211 418.991 0.15823099999999998 0.06962339999999999 1497.342988 1551.323154
10.919581 3.0 1.0 -1448.79 -1439.1 378.211 383.245 0.15823099999999998 0.07723789999999998 1497.342988 1489.256707
1.770824 3.0 1.0 -1448.79 -1450.14 378.211 379.35699999999997 0.15823099999999998 0.12147999999999999 1497.342988 1498.938876
49.125497 3.0 1.0 2667.01 2704.05 1609.91 1577.64 0.0814426 0.0393371 3115.245183 3130.628431
8.965712 3.0 1.0 1462.04 1469.4 -2136.27 -2141.39 0.12704000000000001 0.00734373 2588.669634 2597.053617
25.453601 1.0 1.0 -7638.1 -7658.83 -8269.14 -8254.37 0.00150795 0.00410231 11256.964420 11260.208749
39.691133 1.0 1.0 -3580.25 -3550.47 -3813.39 -3787.15 0.0625814 0.109849 5230.691480 5191.179283
44.685055 1.0 3.0 452.98199999999997 497.667 1037.63 1037.7 8.565120000000001e-05 0.0032177 1132.196409 1150.866514
12.006665 1.0 1.0 2446.8 2453.68 -2408.95 -2418.79 0.0143102 0.000487554 3433.638062 3445.444907
2.200568 2.0 1.0 1659.49 1661.69 -2415.02 -2415.07 0.0792175 5.50166e-05 2930.226725 2931.514414
13.309019 2.0 3.0 5849.96 5863.16 17040.3 17038.6 0.018906299999999997 0.00884382 18016.488451 18019.171322
15.214125 3.0 1.0 3406.99 3408.49 6852.02 6836.88 0.0334089 7.51237e-05 7652.304159 7639.419626
63.787461 3.0 3.0 3406.99 3343.68 6852.02 6859.81 0.0334089 0.00020648900000000002 7652.304159 7631.329450
61.760117 1.0 1.0 5794.32 5788.04 -2497.88 -2436.44 0.00387138 0.000216144 6309.797838 6279.940041
60.370246 2.0 1.0 5794.25 5788.04 -2496.49 -2436.44 0.0472638 0.000216144 6309.183416 6279.940041
1.391761 2.0 1.0 5794.25 5794.32 -2496.49 -2497.88 0.0472638 0.00387138 6309.183416 6309.797838
9.565960 2.0 1.0 25598.1 25588.8 -6957.23 -6954.99 0.00965279 0.00140876 26526.699246 26517.137314
28.913618 1.0 1.0 -9103.17 -9131.5 -4751.18 -4745.4 0.000272893 0.012816399999999999 10268.467044 10290.923837
6.302706 2.0 3.0 16922.2 16921.8 -7362.33 -7356.04 0.00712188 0.00232742 18454.396654 18451.521339
34.007352 3.0 1.0 18356.0 18353.3 -25487.7 -25521.6 0.00598827 0.000267773 31409.641629 31435.579960
51.441643 2.0 1.0 8939.94 8946.59 -4287.97 -4338.98 0.0221602 0.00016155 9915.100298 9943.249975
55.931677 1.0 1.0 -524.097 -489.72 -1132.05 -1087.93 0.0930943 0.00030403099999999996 1247.483414 1193.070561
48.062011 1.0 1.0 3748.14 3783.27 11367.8 11400.6 0.00536065 0.000168292 11969.771522 12011.944566
41.336015 3.0 1.0 -1552.98 -1534.43 -2027.67 -2064.61 0.00490779 0.00589562 2554.054132 2572.370478
45.165279 1.0 1.0 564.992 578.535 652.533 695.62 0.00365219 0.00474468 863.142674 904.759598
45.074623 1.0 3.0 564.992 578.947 652.533 695.393 0.00365219 0.0575755 863.142674 904.848636
28.183400 1.0 1.0 552.217 578.535 685.5369999999999 695.62 0.0657674 0.00474468 880.286654 904.759598
28.489185 1.0 3.0 552.217 578.947 685.5369999999999 695.393 0.0657674 0.0575755 880.286654 904.848636
35.390177 1.0 1.0 552.217 564.992 685.5369999999999 652.533 0.0657674 0.00365219 880.286654 863.142674
53.451206 2.0 1.0 584.423 533.0830000000001 338.87 323.996 0.208837 0.000127297 675.561337 623.819600
32.401210 1.0 1.0 1916.62 1913.82 -3142.97 -3175.25 0.000511658 0.00144401 3681.262371 3707.414133
53.377883 3.0 1.0 2440.48 2453.68 -2470.51 -2418.79 0.0006958089999999999 0.000487554 3472.659253 3445.444907
61.883568 3.0 1.0 2440.48 2446.8 -2470.51 -2408.95 0.0006958089999999999 0.0143102 3472.659253 3433.638062
61.941183 3.0 1.0 2468.67 2453.68 -2478.89 -2418.79 0.0231368 0.000487554 3498.460690 3445.444907
29.409191 3.0 3.0 2468.67 2440.48 -2478.89 -2470.51 0.0231368 0.0006958089999999999 3498.460690 3472.659253
46.109042 1.0 1.0 -382.80300000000005 -428.911 -1166.55 -1166.24 0.0225899 0.0190232 1227.752841 1242.610310
20.566168 1.0 1.0 706.048 698.1160000000001 234.41400000000002 215.43900000000002 0.0281008 0.0293772 743.944690 730.602431
60.303111 1.0 1.0 115.32 82.6889 18.6414 -32.0703 0.0161997 0.014909799999999999 116.816969 88.690238
8.001406 3.0 1.0 -2638.22 -2644.71 1940.62 1935.94 0.0325707 0.00177237 3275.089427 3277.553153
27.594393 1.0 1.0 -2645.87 -2644.71 1908.37 1935.94 0.062242599999999995 0.00177237 3262.285106 3277.553153
33.144909 1.0 3.0 -2645.87 -2638.22 1908.37 1940.62 0.062242599999999995 0.0325707 3262.285106 3275.089427
60.530093 1.0 1.0 762.3739999999999 706.003 -2382.99 -2360.94 0.00108056 0.00866077 2501.970315 2464.239826
17.358811 3.0 1.0 5430.08 5447.27 613.1619999999999 615.577 0.0185018 8.36076e-05 5464.589321 5481.941763
5.085234 3.0 1.0 8476.65 8478.01 -17081.8 -17076.9 0.00748064 0.000242148 19069.386106 19065.601673
19.840363 1.0 1.0 14531.7 14512.5 11543.0 11548.0 0.00216144 0.00326872 18558.317647 18546.400197
18.309833 2.0 1.0 14529.9 14512.5 11542.3 11548.0 0.092915 0.00326872 18556.472814 18546.400197
1.931321 2.0 1.0 14529.9 14531.7 11542.3 11543.0 0.092915 0.00216144 18556.472814 18558.317647
39.840142 1.0 2.0 974.563 1006.31 -1521.71 -1497.64 0.0838372 0.0196884 1807.034688 1804.324080
0.885664 2.0 1.0 -4616.48 -4616.86 -15440.3 -15441.1 0.025799000000000002 0.000771047 16115.667894 16116.543223
57.714643 2.0 1.0 -306.907 -336.534 -3273.81 -3224.28 0.025481900000000002 0.000186047 3288.164203 3241.795282
43.009242 1.0 3.0 -53.6012 -31.2725 -523.453 -560.212 0.00200739 0.00609096 526.190205 561.084177
41.137044 2.0 3.0 -54.6629 -31.2725 -526.372 -560.212 0.0340195 0.00609096 529.202716 561.084177
3.106086 2.0 1.0 -54.6629 -53.6012 -526.372 -523.453 0.0340195 0.00200739 529.202716 526.190205
56.481452 1.0 1.0 -7663.26 -7658.13 208.614 152.366 0.00030837299999999997 0.000552289 7666.098984 7659.645585
48.627053 1.0 1.0 -9786.12 -9786.44 -900.317 -948.943 0.030278500000000003 0.00015972799999999999 9827.447042 9832.339533
45.733472 1.0 1.0 -9831.84 -9786.12 -901.427 -900.317 0.0125625 0.030278500000000003 9873.076948 9827.447042
49.582224 1.0 1.0 -8756.08 -8798.68 -1593.7 -1568.33 0.00011232 0.0025921 8899.933520 8937.361396
21.187284 1.0 1.0 -8780.97 -8798.68 -1579.96 -1568.33 0.0439257 0.0025921 8921.978914 8937.361396
28.430612 1.0 1.0 -8780.97 -8756.08 -1579.96 -1593.7 0.0439257 0.00011232 8921.978914 8899.933520
16.970000 3.0 1.0 -8782.03 -8798.68 -1565.05 -1568.33 0.04713869999999999 0.0025921 8920.394185 8937.361396
38.655207 3.0 1.0 -8782.03 -8756.08 -1565.05 -1593.7 0.04713869999999999 0.00011232 8920.394185 8899.933520
14.947632 3.0 1.0 -8782.03 -8780.97 -1565.05 -1579.96 0.04713869999999999 0.0439257 8920.394185 8921.978914
47.117312 1.0 1.0 -45.9716 -12.7761 832.118 865.556 0.0129453 0.050373400000000006 833.386917 865.650286
60.059205 1.0 1.0 5861.92 5804.27 2266.72 2283.56 0.0127899 0.0008944539999999999 6284.912541 6237.322864
7.515344 3.0 1.0 -9760.53 -9753.03 4819.31 4818.83 0.0194158 0.00324944 10885.480915 10878.543871
63.831810 1.0 1.0 1179.62 1121.44 -4489.48 -4463.22 0.000109591 0.00632209 4641.867514 4601.951808
14.836763 1.0 1.0 859.885 851.748 29.7986 17.3922 0.00794246 0.0367602 860.401168 851.925551
42.843825 3.0 1.0 1035.1 1064.27 2206.95 2175.57 0.114586 0.00246736 2437.634163 2421.936303
38.458331 1.0 1.0 346.92400000000004 309.643 905.268 914.711 0.00199468 0.0009354010000000001 969.467077 965.699229
37.830093 3.0 1.0 346.004 309.643 904.2710000000001 914.711 0.034263800000000004 0.0009354010000000001 968.207008 965.699229
1.356617 3.0 1.0 346.004 346.92400000000004 904.2710000000001 905.268 0.034263800000000004 0.00199468 968.207008 969.467077
31.959527 1.0 1.0 340.704 309.643 907.186 914.711 0.00478836 0.0009354010000000001 969.054000 965.699229
6.509003 1.0 1.0 340.704 346.92400000000004 907.186 905.268 0.00478836 0.00199468 969.054000 969.467077
6.048737 1.0 3.0 340.704 346.004 907.186 904.2710000000001 0.00478836 0.034263800000000004 969.054000 968.207008
32.451061 2.0 1.0 340.452 309.643 904.5189999999999 914.711 0.0582361 0.0009354010000000001 966.468926 965.699229
6.515196 2.0 1.0 340.452 346.92400000000004 904.5189999999999 905.268 0.0582361 0.00199468 966.468926 969.467077
5.557536 2.0 3.0 340.452 346.004 904.5189999999999 904.2710000000001 0.0582361 0.034263800000000004 966.468926 968.207008
2.678879 2.0 1.0 340.452 340.704 904.5189999999999 907.186 0.0582361 0.00478836 966.468926 969.054000
59.606662 1.0 3.0 15231.7 15221.4 -2152.49 -2093.78 0.00777 0.0013978 15383.039300 15364.730152
56.451184 1.0 1.0 -4914.43 -4918.42 2683.72 2627.41 0.0005980930000000001 0.00368123 5599.462051 5576.211851
59.072230 1.0 1.0 -3786.82 -3742.54 -10491.5 -10530.6 0.0004989619999999999 0.000885462 11153.993812 11175.873210
52.373586 1.0 1.0 1908.21 1873.5 -2003.58 -2042.8 0.00431507 0.0195892 2766.875173 2771.828655
59.024677 1.0 1.0 25400.3 25449.0 -4031.29 -4064.64 0.00758038 0.04296319999999999 25718.214152 25771.552133
38.937493 2.0 1.0 -79.7309 -100.541 -1358.08 -1390.99 0.0159432 0.00780347 1360.418429 1394.618827
17.792994 1.0 3.0 -16.7667 -31.2725 -570.516 -560.212 0.0146412 0.00609096 570.762322 561.084177
59.763755 1.0 1.0 -16.7667 -53.6012 -570.516 -523.453 0.0146412 0.00200739 570.762322 526.190205
58.179160 1.0 2.0 -16.7667 -54.6629 -570.516 -526.372 0.0146412 0.0340195 570.762322 529.202716
49.252048 1.0 1.0 -1489.55 -1537.71 605.5269999999999 615.841 0.0451804 0.010783200000000001 1607.924796 1656.445647
29.703088 1.0 1.0 -1489.55 -1461.05 605.5269999999999 597.159 0.0451804 0.000509267 1607.924796 1578.374472
54.069759 1.0 1.0 -1496.31 -1537.71 581.062 615.841 0.106025 0.010783200000000001 1605.171849 1656.445647
45.217196 1.0 1.0 -1496.31 -1503.09 581.062 536.356 0.106025 0.0764387 1605.171849 1595.918954
38.760560 1.0 1.0 -1496.31 -1461.05 581.062 597.159 0.106025 0.000509267 1605.171849 1578.374472
25.381762 1.0 1.0 -1496.31 -1489.55 581.062 605.5269999999999 0.106025 0.0451804 1605.171849 1607.924796
48.511833 3.0 1.0 -1549.06 -1503.09 520.859 536.356 0.12466300000000001 0.0764387 1634.283018 1595.918954
58.137701 1.0 1.0 -177.16400000000002 -122.693 4067.95 4047.63 0.00144903 0.00299859 4071.806023 4049.489127
63.265138 1.0 1.0 -218.808 -214.91099999999997 -949.025 -1012.17 0.403463 0.021787099999999997 973.922683 1034.734191
