17.241871 1.0 1.0 6036.999012689998 6045.249012689998 7938.049844598967 7953.189844598966 0.000659755 0.00969863 9972.862799 9989.908124
0.041231 3.0 3.0 6066.59901269 6066.60901269 7732.889844598967 7732.849844598967 0.00291455 0.00010472 9828.591401 9828.566103
25.053082 2.0 1.0 6020.249012689998 6045.249012689998 7954.8198445989665 7953.189844598966 0.116821 0.00969863 9976.099285 9989.908124
23.702224 2.0 1.0 6020.249012689998 6036.999012689998 7954.8198445989665 7938.049844598967 0.116821 0.000659755 9976.099285 9972.862799
1.536107 3.0 1.0 5379.56901269 5378.05901269 -331.339155401033 -331.05715540103296 0.008320999999999999 0.000630171 5389.763297 5388.238820
49.420972 1.0 1.0 196.74501269 241.50301269000005 342.473844598967 363.42984459896695 0.06339109999999999 0.000771986 394.964472 436.354165
6.774806 3.0 1.0 -1466.84098731 -1464.02098731 9202.90984459897 9196.749844598968 0.0185868 0.0017561 9319.075710 9312.548800
13.533762 2.0 1.0 -960.02398731 -952.57598731 9491.81984459897 9480.519844598968 0.196474 0.00282106 9540.245805 9528.255745
47.818412 1.0 2.0 -3067.96098731 -3050.18098731 673.552844598967 717.942844598967 0.0428981 0.0450838 3141.028184 3133.535700
36.678229 3.0 1.0 2713.26901269 2694.819012690001 4964.499844598968 4932.799844598967 0.00696885 0.000152649 5657.569040 5620.904182
0.799171 2.0 1.0 566.00901269 566.72401269 -479.96015540103303 -480.31715540103295 0.379925 0.00117559 742.110472 742.886718
59.873840 1.0 1.0 1147.30901269 1185.11901269 -222.797155401033 -176.37215540103298 0.0276818 0.00899021 1168.741435 1198.171195
7.382504 1.0 1.0 1080.15901269 1087.50901269 -138.14015540103298 -138.832155401033 0.00800728 0.0647455 1088.956471 1096.334903
50.482932 1.0 1.0 1039.62901269 1087.50901269 -154.833155401033 -138.832155401033 0.00778488 0.0647455 1051.095519 1096.334903
43.833060 1.0 1.0 1039.62901269 1080.15901269 -154.833155401033 -138.14015540103298 0.00778488 0.00800728 1051.095519 1088.956471
43.466526 2.0 1.0 1049.48901269 1087.50901269 -159.899155401033 -138.832155401033 1.00584 0.0647455 1061.600173 1096.334903
37.604561 2.0 1.0 1049.48901269 1080.15901269 -159.899155401033 -138.14015540103298 1.00584 0.00800728 1061.600173 1088.956471
11.085304 2.0 1.0 1049.48901269 1039.62901269 -159.899155401033 -154.833155401033 1.00584 0.00778488 1061.600173 1051.095519
15.633275 1.0 1.0 1536.90901269 1537.22901269 -5194.330155401033 -5178.700155401033 0.031824200000000004 0.0102233 5416.932257 5402.037425
28.856935 1.0 1.0 594.9090126899998 566.72401269 -474.12615540103303 -480.31715540103295 0.000399516 0.00117559 760.731454 742.886718
29.482971 1.0 2.0 594.9090126899998 566.00901269 -474.12615540103303 -479.96015540103303 0.000399516 0.379925 760.731454 742.110472
62.089224 1.0 1.0 506.97401269000005 525.1890126899998 65.551944598967 6.1946745989670005 0.0010422 0.0108359 511.194393 525.225545
21.182009 1.0 1.0 506.97401269000005 486.69001269 65.551944598967 71.65414459896702 0.0010422 0.000587011 511.194393 491.936464
15.393446 2.0 1.0 502.07301269 486.69001269 72.221144598967 71.65414459896702 0.027375 0.000587011 507.240775 491.936464
8.276354 2.0 1.0 502.07301269 506.97401269000005 72.221144598967 65.551944598967 0.027375 0.0010422 507.240775 511.194393
31.767833 3.0 1.0 -823.85298731 -814.5429873100002 767.589844598967 737.216844598967 0.0265172 0.000102059 1126.023052 1098.621388
17.826433 1.0 1.0 1944.25901269 1938.76901269 6951.879844598967 6968.839844598967 0.00170862 0.000435534 7218.640903 7233.502199
32.611355 3.0 1.0 1920.15901269 1938.76901269 6942.059844598967 6968.839844598967 0.0613157 0.000435534 7202.722091 7233.502199
26.023881 3.0 1.0 1920.15901269 1944.25901269 6942.059844598967 6951.879844598967 0.0613157 0.00170862 7202.722091 7218.640903
55.595588 1.0 1.0 -531.93498731 -587.4889873100002 1319.509844598967 1321.659844598967 0.00700506 0.0141197 1422.694999 1446.349908
36.846688 1.0 3.0 -505.75898731 -497.03898731 1848.739844598967 1812.939844598967 0.0198053 0.01414 1916.671898 1879.840056
50.504920 3.0 2.0 4391.61901269 4361.98901269 28203.49984459897 28162.599844598964 0.114112 0.0694153 28543.365622 28498.403081
20.565311 1.0 1.0 4639.02901269 4623.209012689998 -2185.8601554010334 -2172.720155401033 0.00730969 0.00618812 5128.213607 5108.304459
53.698443 1.0 1.0 -13150.58098731 -13115.78098731 165.399844598967 124.50384459896699 0.00244069 0.00123039 13151.621094 13116.371911
58.649967 1.0 2.0 -339.53998731 -320.60698731 5129.209844598968 5184.719844598967 0.000159653 0.00161021 5140.435880 5194.623057
1.212693 1.0 1.0 -736.3619873100001 -735.5069873100001 -1352.250155401033 -1351.390155401033 0.016229499999999997 0.08676210000000001 1539.743309 1538.579176
33.807227 1.0 1.0 -734.80798731 -735.5069873100001 -1385.190155401033 -1351.390155401033 0.00167241 0.08676210000000001 1568.022495 1538.579176
32.976636 1.0 1.0 -734.80798731 -736.3619873100001 -1385.190155401033 -1352.250155401033 0.00167241 0.016229499999999997 1568.022495 1539.743309
14.237213 2.0 1.0 -847.6919873100002 -855.7169873100001 -1344.400155401033 -1356.160155401033 0.391267 0.00467579 1589.337435 1603.565380
39.472630 1.0 1.0 2127.34901269 2096.32901269 5644.829844598968 5620.419844598967 0.00696587 0.0005080530000000001 6032.389062 5998.642726
28.938849 3.0 3.0 -9857.27098731 -9855.83098731 -519.613155401033 -548.5161554010331 0.00617218 0.00143303 9870.956851 9871.082738
13.821469 1.0 1.0 960.24901269 973.43901269 -1392.680155401033 -1396.810155401033 0.00721766 0.0561894 1691.637131 1702.545777
32.672458 3.0 1.0 951.98301269 973.43901269 -1421.450155401033 -1396.810155401033 0.18607 0.0561894 1710.787012 1702.545777
29.933921 3.0 1.0 951.98301269 960.24901269 -1421.450155401033 -1392.680155401033 0.18607 0.00721766 1710.787012 1691.637131
16.630364 3.0 1.0 -5297.240987310001 -5297.13098731 8249.639844598967 8266.269844598968 0.00430102 5.35689e-05 9803.944086 9817.882350
61.237002 1.0 1.0 7779.44901269 7789.56901269 1026.599844598967 966.2048445989669 0.00194436 0.00558443 7846.893282 7849.263482
19.728236 1.0 3.0 -729.7549873099998 -729.18498731 1751.549844598967 1771.269844598967 0.0158097 0.0535773 1897.490237 1915.491480
25.940773 1.0 1.0 4205.14901269 4229.0890126899985 -328.11415540103303 -338.10415540103304 9.80095e-05 0.000744315 4217.930431 4242.582739
44.398383 3.0 1.0 4173.36901269 4205.14901269 -297.11015540103296 -328.11415540103303 0.016531999999999998 9.80095e-05 4183.931567 4217.930431
45.900000 3.0 1.0 -10956.88098731 -10935.28098731 -21538.700155401035 -21498.200155401035 0.0111405 0.00135786 24165.447344 24119.555970
48.684927 3.0 1.0 6210.04901269 6258.65901269 12479.499844598968 12476.799844598967 0.0175517 0.0010535 13939.247652 13958.558199
47.541639 1.0 1.0 512.55201269 528.58101269 -696.8561554010332 -741.6141554010329 0.00411112 0.00113059 865.053794 910.708209
57.666194 1.0 1.0 -523.9889873100002 -536.52098731 947.8558445989673 891.567844598967 0.000297794 0.0060396 1083.049011 1040.551773
41.970075 1.0 3.0 -523.9889873100002 -530.7249873100002 947.8558445989673 989.2818445989667 0.000297794 0.00262636 1083.049011 1122.652030
7.282726 2.0 1.0 -4276.85098731 -4283.44098731 -15029.000155401032 -15025.900155401032 0.0249736 0.00135828 15625.693586 15624.517342
1.405133 3.0 1.0 -3042.26098731 -3042.14098731 -15476.900155401032 -15478.300155401033 0.0468482 0.005430600000000001 15773.071684 15774.422255
18.821796 3.0 1.0 40926.11901269 40911.21901269 -62019.70015540103 -62008.20015540103 0.00740394 9.44917e-05 74306.059139 74288.254305
13.247559 1.0 3.0 -454.50598731 -441.35298731 7697.999844598968 7696.419844598967 0.000199823 0.117155 7711.405663 7709.064203
13.348426 2.0 3.0 -454.63598731 -441.35298731 7697.7398445989675 7696.419844598967 0.117668 0.117155 7711.153779 7709.064203
0.290689 2.0 1.0 -454.63598731 -454.50598731 7697.7398445989675 7697.999844598968 0.117668 0.000199823 7711.153779 7711.405663
62.878315 1.0 1.0 1897.86901269 1874.55901269 506.749844598967 565.147844598967 0.048926 0.0467785 1964.357960 1957.897745
31.127663 3.0 3.0 -5395.73098731 -5383.56098731 4396.2398445989675 4367.589844598967 0.0375411 0.0013305 6959.945234 6932.428864
24.155794 1.0 1.0 -12.013587310000005 -18.012687310000004 556.9168445989669 580.315844598967 0.0494695 0.00158321 557.046406 580.595329
49.495959 1.0 1.0 19748.919012690007 19796.11901269 24668.49984459897 24653.599844598964 0.000256859 0.0115135 31599.915930 31617.816390
47.455769 1.0 1.0 19756.81901269 19796.11901269 24680.19984459897 24653.599844598964 0.00277971 0.0115135 31613.986808 31617.816390
14.117365 1.0 1.0 19756.81901269 19748.919012690007 24680.19984459897 24668.49984459897 0.00277971 0.000256859 31613.986808 31599.915930
40.375488 3.0 1.0 19774.81901269 19796.11901269 24687.89984459897 24653.599844598964 0.00648837 0.0115135 31631.248248 31617.816390
32.360006 3.0 1.0 19774.81901269 19748.919012690007 24687.89984459897 24668.49984459897 0.00648837 0.000256859 31631.248248 31599.915930
19.577794 3.0 1.0 19774.81901269 19756.81901269 24687.89984459897 24680.19984459897 0.00648837 0.00277971 31631.248248 31613.986808
29.813195 2.0 1.0 4632.28901269 4604.96901269 890.562844598967 902.4978445989669 0.0219767 0.000475996 4717.118154 4692.573065
30.366893 2.0 1.0 68.71601269 68.06901269 2573.509844598967 2603.869844598967 0.059844000000000015 0.022930900000000004 2574.427084 2604.759405
33.851410 1.0 1.0 -4.37408731 3.4702126899999968 2573.909844598966 2540.979844598967 0.0875688 0.035369599999999994 2573.913561 2540.982214
30.566984 3.0 1.0 20.218812689999996 3.4702126899999968 2515.409844598966 2540.979844598967 0.531409 0.035369599999999994 2515.491102 2540.982214
63.459126 3.0 1.0 20.218812689999996 -4.37408731 2515.409844598966 2573.909844598966 0.531409 0.0875688 2515.491102 2573.913561
5.156317 2.0 3.0 1845.05901269 1845.81901269 -12408.100155401033 -12413.200155401033 0.0566634 0.0257231 12544.528378 12549.684694
16.330478 1.0 3.0 1376.75901269 1378.73901269 -4614.190155401033 -4597.980155401033 0.00545388 0.00141307 4815.206763 4800.244033
5.282596 1.0 3.0 -534.72798731 -530.7249873100002 992.7288445989667 989.2818445989667 0.00583709 0.00262636 1127.583513 1122.652030
46.140137 1.0 1.0 -534.72798731 -523.9889873100002 992.7288445989667 947.8558445989673 0.00583709 0.000297794 1127.583513 1083.049011
14.765996 1.0 1.0 -325.81198730999995 -323.53898731 -2380.580155401033 -2395.170155401033 0.00723898 0.00352556 2402.772425 2416.923158
14.337430 3.0 1.0 -327.35598731 -323.53898731 -2381.350155401033 -2395.170155401033 0.0204088 0.00352556 2403.745100 2416.923158
1.725351 3.0 1.0 -327.35598731 -325.81198730999995 -2381.350155401033 -2380.580155401033 0.0204088 0.00723898 2403.745100 2402.772425
17.347323 1.0 1.0 1856.52901269 1841.32901269 -2194.080155401033 -2202.4401554010333 0.00198186 0.00143993 2874.141211 2870.755157
56.480663 1.0 1.0 -1516.19098731 -1460.96098731 -2833.1201554010327 -2844.940155401033 0.022371400000000003 0.000121155 3213.316811 3198.138755
49.277683 1.0 1.0 10537.01901269 10496.81901269 27252.799844598965 27224.299844598965 0.007089399999999998 0.00456945 29218.895753 29177.829107
29.335829 1.0 1.0 672.93501269 658.3880126899999 -801.169155401033 -775.6941554010331 0.000582326 0.00703289 1046.285595 1017.436090
55.272116 3.0 1.0 710.54801269 658.3880126899999 -757.409155401033 -775.6941554010331 0.00854875 0.00703289 1038.531226 1017.436090
57.703339 3.0 1.0 710.54801269 672.93501269 -757.409155401033 -801.169155401033 0.00854875 0.000582326 1038.531226 1046.285595
40.111375 1.0 1.0 152.75701269 160.33001269 2317.849844598967 2357.2398445989666 0.0008004860000000001 0.0024992 2322.878087 2362.686056
0.302453 2.0 1.0 -142.81858731 -142.95488731 2487.539844598967 2487.809844598967 0.070312 0.000191498 2491.636335 2491.913707
17.012128 1.0 1.0 1262.62901269 1277.31901269 -7818.3401554010325 -7809.7601554010325 0.000305556 0.00238277 7919.638553 7913.526240
31.308737 3.0 1.0 4296.749012689998 4285.47901269 -5100.320155401033 -5129.530155401033 0.0212795 0.00625171 6668.981764 6684.116246
20.661897 1.0 1.0 4282.459012689998 4285.47901269 -5109.0901554010325 -5129.530155401033 0.0259106 0.00625171 6666.502637 6684.116246
16.766544 1.0 3.0 4282.459012689998 4296.749012689998 -5109.0901554010325 -5100.320155401033 0.0259106 0.0212795 6666.502637 6668.981764
4.577652 2.0 1.0 15446.41901269 15450.71901269 6863.459844598968 6861.889844598967 0.0232973 0.000142291 16902.631196 16905.923525
44.802233 3.0 1.0 10258.51901269 10302.91901269 -5569.970155401034 -5563.980155401033 0.0289615 0.00227082 11673.122113 11709.313189
55.135682 1.0 1.0 -1291.22098731 -1277.77098731 1103.659844598967 1050.189844598967 0.00831022 0.0534801 1698.621998 1653.964149
35.303378 1.0 1.0 -3523.20098731 -3538.26098731 -3003.960155401033 -2972.0301554010325 0.0164345 0.00969843 4629.980757 4620.849928
48.069349 3.0 1.0 628.3470126899998 658.3880126899999 -738.168155401033 -775.6941554010331 0.0104226 0.00703289 969.387536 1017.436090
36.069988 1.0 1.0 -1432.34098731 -1398.52098731 -2760.150155401033 -2747.610155401033 0.00289128 0.017166999999999998 3109.667118 3083.054089
49.468597 1.0 1.0 200.74001269 247.50501269 1939.749844598967 1923.619844598967 0.051228 0.043454900000000005 1950.109231 1939.477259
63.364501 2.0 1.0 20596.71901269 20614.21901269 -36507.00015540103 -36567.90015540103 0.00921126 0.000845913 41916.415572 41978.057926
63.106973 2.0 3.0 20596.71901269 20539.919012690007 -36507.00015540103 -36479.50015540103 0.00921126 0.00665581 41916.415572 41864.569801
43.455717 3.0 1.0 5249.85901269 5207.53901269 -9289.960155401031 -9299.830155401032 0.00500291 0.000172242 10670.725343 10658.578868
6.462832 2.0 1.0 5210.94901269 5207.53901269 -9305.320155401032 -9299.830155401032 0.0904183 0.000172242 10665.035059 10658.578868
41.832018 2.0 3.0 5210.94901269 5249.85901269 -9305.320155401032 -9289.960155401031 0.0904183 0.00500291 10665.035059 10670.725343
57.304526 1.0 1.0 500.00601269 526.65701269 3201.9598445989673 3151.2298445989672 0.00258411 0.021489 3240.764240 3194.936172
55.875891 1.0 1.0 501.89601269 526.65701269 3101.1398445989666 3151.2298445989672 0.0817746 0.021489 3141.491357 3194.936172
12.572776 1.0 1.0 1760.12901269 1770.75901269 -970.148155401033 -963.434155401033 0.00146309 0.00335978 2009.786453 2015.885129
58.398844 1.0 3.0 4077.00901269 4056.1590126900014 -5336.920155401032 -5282.370155401033 0.000314643 0.00034296 6716.004708 6660.019549
22.674843 1.0 1.0 -1858.14098731 -1847.40098731 -6268.5901554010325 -6288.560155401034 0.136691 0.00023532400000000005 6538.188623 6554.302345
39.944634 1.0 1.0 634.85601269 631.7030126899998 -3901.8701554010327 -3941.690155401033 0.000310402 0.0476837 3953.180095 3991.988224
31.550179 1.0 1.0 -61.97358731 -50.79383731 -296.065155401033 -325.568155401033 0.017161000000000003 0.0005800369999999999 302.481903 329.506658
39.088815 1.0 1.0 -3471.81098731 -3491.92098731 -363.356155401033 -329.837155401033 0.28509 0.000462463 3490.773443 3507.464145
6.526044 2.0 1.0 255.21501269 258.48101269 -4643.240155401033 -4637.5901554010325 0.124252 0.038059 4650.248794 4644.787927
22.280088 1.0 1.0 -382.23998731 -390.94298731 -1477.380155401033 -1497.890155401033 0.0107432 0.0500979 1526.027369 1548.066968
19.342412 1.0 2.0 -3092.82098731 -3107.99098731 4088.4998445989672 4076.4998445989672 0.00624361 0.00197001 5126.536125 5126.154403
39.069072 3.0 3.0 -3874.84098731 -3912.66098731 2762.4698445989666 2772.269844598967 0.0076688999999999985 0.00048098 4758.742725 4795.247240
44.395933 1.0 1.0 -117.48308731 -154.12998731 -1312.270155401033 -1287.210155401033 0.00309563 0.00707972 1317.518591 1296.405044
58.409918 1.0 1.0 -96.77288731 -154.12998731 -1298.250155401033 -1287.210155401033 0.152256 0.00707972 1301.851934 1296.405044
25.009454 1.0 1.0 -96.77288731 -117.48308731 -1298.250155401033 -1312.270155401033 0.152256 0.00309563 1301.851934 1317.518591
44.298841 1.0 1.0 -116.97338731 -154.12998731 -1263.090155401033 -1287.210155401033 0.0120442 0.00707972 1268.494980 1296.405044
49.182641 1.0 1.0 -116.97338731 -117.48308731 -1263.090155401033 -1312.270155401033 0.0120442 0.00309563 1268.494980 1317.518591
40.549794 1.0 1.0 -116.97338731 -96.77288731 -1263.090155401033 -1298.250155401033 0.0120442 0.152256 1268.494980 1301.851934
41.808888 1.0 1.0 -115.15478731 -154.12998731 -1272.080155401033 -1287.210155401033 0.0554802 0.00707972 1277.281702 1296.405044
40.257385 1.0 1.0 -115.15478731 -117.48308731 -1272.080155401033 -1312.270155401033 0.0554802 0.00309563 1277.281702 1317.518591
31.980668 1.0 1.0 -115.15478731 -96.77288731 -1272.080155401033 -1298.250155401033 0.0554802 0.152256 1277.281702 1301.851934
9.172099 1.0 1.0 -115.15478731 -116.97338731 -1272.080155401033 -1263.090155401033 0.0554802 0.0120442 1277.281702 1268.494980
48.354672 1.0 1.0 -48.49477731 -96.77288731 -1295.530155401033 -1298.250155401033 0.000672545 0.152256 1296.437475 1301.851934
47.628537 1.0 1.0 -49.14851731 -96.77288731 -1297.6201554010331 -1298.250155401033 0.000374694 0.152256 1298.550594 1301.851934
2.189858 1.0 1.0 -49.14851731 -48.49477731 -1297.6201554010331 -1295.530155401033 0.000374694 0.000672545 1298.550594 1296.437475
49.328073 1.0 1.0 -47.54231991 -96.77288731 -1301.350155401033 -1298.250155401033 0.03746 0.152256 1302.218299 1301.851934
5.897421 1.0 1.0 -47.54231991 -48.49477731 -1301.350155401033 -1295.530155401033 0.03746 0.000672545 1302.218299 1296.437475
4.061129 1.0 1.0 -47.54231991 -49.14851731 -1301.350155401033 -1297.6201554010331 0.03746 0.000374694 1302.218299 1298.550594
46.606141 1.0 1.0 -50.285147310000006 -96.77288731 -1301.570155401033 -1298.250155401033 0.06669850000000001 0.152256 1302.541157 1301.851934
6.299764 1.0 1.0 -50.285147310000006 -48.49477731 -1301.570155401033 -1295.530155401033 0.06669850000000001 0.000672545 1302.541157 1296.437475
4.110283 1.0 1.0 -50.285147310000006 -49.14851731 -1301.570155401033 -1297.6201554010331 0.06669850000000001 0.000374694 1302.541157 1298.550594
2.751636 1.0 1.0 -50.285147310000006 -47.54231991 -1301.570155401033 -1301.350155401033 0.06669850000000001 0.03746 1302.541157 1302.218299
47.321422 3.0 1.0 -49.495457310000006 -96.77288731 -1300.290155401033 -1298.250155401033 0.419364 0.152256 1301.231835 1301.851934
4.864048 3.0 1.0 -49.495457310000006 -48.49477731 -1300.290155401033 -1295.530155401033 0.419364 0.000672545 1301.231835 1296.437475
2.692446 3.0 1.0 -49.495457310000006 -49.14851731 -1300.290155401033 -1297.6201554010331 0.419364 0.000374694 1301.231835 1298.550594
2.222239 3.0 1.0 -49.495457310000006 -47.54231991 -1300.290155401033 -1301.350155401033 0.419364 0.03746 1301.231835 1302.218299
1.503998 3.0 1.0 -49.495457310000006 -50.285147310000006 -1300.290155401033 -1301.570155401033 0.419364 0.06669850000000001 1301.231835 1302.541157
57.186677 1.0 1.0 -762.13298731 -735.5069873100001 -1402.000155401033 -1351.390155401033 0.0351866 0.08676210000000001 1595.760360 1538.579176
56.028626 1.0 1.0 -762.13298731 -736.3619873100001 -1402.000155401033 -1352.250155401033 0.0351866 0.016229499999999997 1595.760360 1539.743309
32.081642 1.0 1.0 -762.13298731 -734.80798731 -1402.000155401033 -1385.190155401033 0.0351866 0.00167241 1595.760360 1568.022495
26.278087 1.0 1.0 103.27601269 128.55701268999997 1971.1298445989669 1963.959844598967 0.0308078 0.0922144 1973.833529 1968.162894
43.619833 1.0 3.0 281.08801269 303.04601269 -1249.490155401033 -1287.180155401033 0.000953598 0.355162 1280.717033 1322.372730
62.592930 1.0 3.0 299.82501269 303.04601269 -1224.670155401033 -1287.180155401033 0.000948108 0.355162 1260.837828 1322.372730
31.098353 1.0 1.0 299.82501269 281.08801269 -1224.670155401033 -1249.490155401033 0.000948108 0.000953598 1260.837828 1280.717033
62.115362 1.0 3.0 297.87801269000005 303.04601269 -1225.280155401033 -1287.180155401033 0.00797492 0.355162 1260.968980 1322.372730
29.462318 1.0 1.0 297.87801269000005 281.08801269 -1225.280155401033 -1249.490155401033 0.00797492 0.000953598 1260.968980 1280.717033
2.040321 1.0 1.0 297.87801269000005 299.82501269 -1225.280155401033 -1224.670155401033 0.00797492 0.000948108 1260.968980 1260.837828
63.480127 1.0 3.0 299.4820126900001 303.04601269 -1223.800155401033 -1287.180155401033 0.000178884 0.355162 1259.911226 1322.372730
31.596128 1.0 1.0 299.4820126900001 281.08801269 -1223.800155401033 -1249.490155401033 0.000178884 0.000953598 1259.911226 1280.717033
0.935173 1.0 1.0 299.4820126900001 299.82501269 -1223.800155401033 -1224.670155401033 0.000178884 0.000948108 1259.911226 1260.837828
2.182479 1.0 1.0 299.4820126900001 297.87801269000005 -1223.800155401033 -1225.280155401033 0.000178884 0.00797492 1259.911226 1260.968980
63.460552 2.0 3.0 299.47501269 303.04601269 -1223.820155401033 -1287.180155401033 0.624333 0.355162 1259.928988 1322.372730
31.575792 2.0 1.0 299.47501269 281.08801269 -1223.820155401033 -1249.490155401033 0.624333 0.000953598 1259.928988 1280.717033
0.919239 2.0 1.0 299.47501269 299.82501269 -1223.820155401033 -1224.670155401033 0.624333 0.000948108 1259.928988 1260.837828
2.163795 2.0 1.0 299.47501269 297.87801269000005 -1223.820155401033 -1225.280155401033 0.624333 0.00797492 1259.928988 1260.968980
0.021190 2.0 1.0 299.47501269 299.4820126900001 -1223.820155401033 -1223.800155401033 0.624333 0.000178884 1259.928988 1259.911226
44.851758 3.0 1.0 5627.84901269 5599.93901269 -1522.040155401033 -1557.150155401033 0.0372594 0.000346246 5830.033511 5812.403423
47.647435 3.0 1.0 5627.84901269 5674.50901269 -1522.040155401033 -1531.690155401033 0.0372594 0.00046502 5830.033511 5877.595364
18.804523 1.0 1.0 1428.53901269 1445.18901269 8240.989844598967 8232.249844598968 0.0129094 0.016322200000000002 8363.888888 8358.140271
31.941475 3.0 1.0 -2524.37098731 -2494.70098731 5031.479844598966 5043.309844598967 0.015694999999999997 0.00011185 5629.230703 5626.589305
42.285424 1.0 1.0 -785.51598731 -761.9949873099998 -1521.200155401033 -1486.060155401033 0.00592606 0.00937587 1712.041261 1670.033277
63.421357 1.0 3.0 -2811.97098731 -2861.30098731 -2567.630155401033 -2527.770155401033 0.00415389 0.00832667 3807.874138 3817.939929
22.956831 1.0 1.0 6022.26901269 6003.07901269 1786.499844598967 1773.899844598967 0.0132092 0.0442422 6281.664250 6259.686757
32.762494 1.0 1.0 6033.44901269 6003.07901269 1761.609844598967 1773.899844598967 0.0954076 0.0442422 6285.362061 6259.686757
53.483468 1.0 1.0 6033.44901269 6055.26901269 1761.609844598967 1712.779844598967 0.0954076 0.07803869999999999 6285.362061 6292.844954
27.285610 1.0 1.0 6033.44901269 6022.26901269 1761.609844598967 1786.499844598967 0.0954076 0.0132092 6285.362061 6281.664250
37.476090 1.0 1.0 -8604.32098731 -8599.54098731 6343.759844598967 6380.929844598967 0.000358276 0.00431603 10690.071497 10708.331844
22.712254 3.0 1.0 -8748.05098731 -8760.69098731 6456.029844598967 6437.1598445989675 0.0021669 0.00214281 10872.383245 10871.372197
12.082823 2.0 1.0 2409.11901269 2411.26901269 3527.289844598967 3539.1798445989666 0.0475128 0.00188541 4271.490146 4282.524048
16.394060 1.0 1.0 -4064.84098731 -4077.38098731 2168.179844598966 2178.7398445989666 0.00348379 0.0323898 4606.944333 4622.979886
42.767891 1.0 1.0 -4037.12098731 -4077.38098731 2193.169844598967 2178.7398445989666 0.0594736 0.0323898 4594.381333 4622.979886
37.321555 1.0 1.0 -4037.12098731 -4064.84098731 2193.169844598967 2168.179844598966 0.0594736 0.00348379 4594.381333 4606.944333
47.223559 1.0 1.0 -4042.67098731 -4077.38098731 2146.7198445989666 2178.7398445989666 0.0233457 0.0323898 4577.291208 4622.979886
30.855154 1.0 1.0 -4042.67098731 -4064.84098731 2146.7198445989666 2168.179844598966 0.0233457 0.00348379 4577.291208 4606.944333
46.780391 1.0 1.0 -4042.67098731 -4037.12098731 2146.7198445989666 2193.169844598967 0.0233457 0.0594736 4577.291208 4594.381333
41.970585 3.0 1.0 -4079.44098731 -4077.38098731 2220.659844598966 2178.7398445989666 0.0754943 0.0323898 4644.692553 4622.979886
54.473025 3.0 1.0 -4079.44098731 -4064.84098731 2220.659844598966 2168.179844598966 0.0754943 0.00348379 4644.692553 4606.944333
50.464666 3.0 1.0 -4079.44098731 -4037.12098731 2220.659844598966 2193.169844598967 0.0754943 0.0594736 4644.692553 4594.381333
20.554428 3.0 2.0 3185.73901269 3172.799012690001 2544.9698445989666 2528.999844598967 0.00675733 0.00657004 4077.475269 4057.399880
35.824288 3.0 1.0 1574.43901269 1607.31901269 77.531544598967 63.308844598967 0.013035499999999998 0.000518385 1576.346835 1608.565329
52.186600 1.0 1.0 417.32401269 452.62001269 3453.3198445989674 3414.8798445989673 0.0005305840000000001 0.0007992539999999999 3478.444664 3444.745162
47.834669 3.0 2.0 -14919.78098731 -14962.68098731 -7763.270155401034 -7742.110155401033 0.0160393 0.00223745 16818.686875 16847.020270
31.380973 1.0 1.0 -112.70418731 -111.31028731 -1562.6101554010331 -1531.260155401033 0.00981493 0.00122212 1566.669312 1535.300506
36.279094 1.0 1.0 252.55401269000004 241.50301269000005 397.98484459896696 363.42984459896695 0.0633697 0.000771986 471.354926 436.354165
11.423975 3.0 1.0 -145.71978731000004 -134.40008731 1460.579844598967 1462.119844598967 0.0366946 0.000248723 1467.830964 1468.283972
62.924893 3.0 1.0 -3220.73098731 -3243.63098731 -6843.150155401033 -6901.7601554010325 0.00385139 0.00418537 7563.187962 7625.971100
