 1 -35300.5 10650.1 0.000394381 1
 1 -53057.2 -10315.9 0.000387865 1
 1 -5990.23 13138.4 0.0149293 1
 1 77.7072 -91.1114 0.0304704 1
 1 3254.95 3955.65 0.0249439 1
 1 3496.54 2760.04 0.00857467 1
 1 6569.34 2560.35 0.00517413 1
 1 20276.9 -6961.85 0.000338139 1
 1 53226.6 -68638.4 0.00121476 1
 1 46094.1 62172.7 0.00119925 1
 1 3223.59 142.661 0.021861 1
 1 35753.9 5651.42 0.000240433 1
 1 4166.04 -1948.59 0.000648437 1
 1 5056.45 -3082.78 0.00148287 1
 1 5053.37 -2880.22 0.0238739 1
 1 5106.6 -2995.58 0.00155392 1
 1 5276.66 -3024.02 0.0136688 1
 3 5356.24 -3057.34 0.0129284 1
 1 2940.13 -1389.48 0.18991 1
 1 10693.1 -13235.8 0.0245282 1
 1 -10954.9 -19056.9 0.000119708 1
 1 10273.2 -2481.39 0.000665561 1
 1 10109.9 -2493.44 7.97886e-05 1
 1 10501 -2580.54 0.00860414 1
 1 10286.6 -2797.86 0.000970232 1
 1 10314.7 -2023.57 0.00277902 1
 2 10145 -2068.9 0.00539094 1
 1 18043.5 4695.72 0.00714953 1
 1 -598.5 -3075.27 0.00451459 1
 1 4466.02 11385.8 0.0316697 1
 1 659.237 -1673.14 0.0675739 1
 1 6811.65 2707.88 0.00119577 1
 1 3757.55 791.022 0.00313013 1
 1 -10510.6 27551.7 0.000300603 1
 1 8510.49 11546.5 0.00039205 1
 1 1373.81 6025.26 0.000633745 1
 1 1518.35 3248.11 0.00816252 1
 1 1693.3 1824.26 0.00190748 1
 1 2957.5 1047.64 0.0156564 1
 1 2052.14 2860.88 0.00134721 1
 3 1823.97 2930.18 0.000115314 1
 3 1813.79 2996.1 0.000222139 1
 1 -1679.67 11091 0.00311226 1
 1 4583.92 -2127.05 0.0167052 1
 1 4773.92 -2883.88 0.0152019 1
 1 5661.52 -3357.71 0.0297026 1
 1 24881.4 -8295 0.000780211 1
 1 3821.99 -10668.5 0.0211794 1
 1 3467.33 1671.69 0.00266459 1
 1 -366.49 633.177 0.000310049 1
 1 4030.65 3436.94 0.0204172 1
 1 3568.09 2226.48 0.00485327 1
 1 4555.12 2188.54 0.0105254 1
 1 4227.77 1510.2 0.000366227 1
 1 5318.58 801.96 0.00163339 1
 3 5314.52 812.094 0.0143362 1
 1 -410.303 -4935.42 0.00031279 1
 1 1044.12 -1144.63 0.00192469 1
 1 -2475.83 -3211.81 0.000913227 1
 1 -6019.35 -9585.11 0.000226711 1
 1 -1777.17 -2067.16 0.00209236 1
 1 5483.9 1884.15 0.0294421 1
 1 4372.29 -517.81 0.0127509 1
 1 4862.66 -903.394 0.000208852 1
 2 5346.25 -1109.52 0.0234971 1
 1 4937.86 -155.582 0.00109271 1
 1 4964.45 588.075 0.00206368 1
 2 4526.15 683.504 0.0155527 1
 1 4646.25 -209.746 0.0195592 1
 1 7622.84 1084.76 0.00248514 1
 3 8457.67 7.88906 0.00371501 1
 1 2811.05 1668.95 0.0241051 1
 1 -2331.22 2424.73 0.00789683 1
 1 -4535.03 8049.41 0.0140512 1
 1 4423.69 2064.02 0.022324 1
 1 3971.17 1904.6 0.0303454 1
 1 1197.56 2841.87 0.000280006 1
 1 915.529 4618.7 0.00513812 1
 3 2898.21 2016.65 0.0751371 1
 2 2984.01 1875.57 0.167307 1
 1 2747.4 2110.52 0.730004 1
 1 3424.78 -6312.43 0.193074 1
 1 -17754.6 -7181.87 0.0201096 1
 1 -34448.7 -21117.7 0.000316485 1
 2 -4265.8 -17323.7 0.00191055 1
 1 -323.642 48.7993 0.000787868 1
 1 -799.31 -4027.89 0.00370381 1
 1 -817.093 -4752.71 0.0189834 1
 1 5904.37 -7581.96 0.000266357 1
 1 -4821.02 13613.6 0.00209268 1
 1 -640.908 6435.62 0.00343201 1
 3 197.378 6125.22 0.00423704 1
 1 -1142.91 1410.48 0.0135648 1
 1 -850.625 1451.29 0.0293813 1
 1 -256.787 1001.81 0.0471392 1
 1 -274.235 893.62 0.0187705 1
 1 -3785.33 7054.44 0.00158477 1
 1 -1435.47 1636.34 0.0209506 1
 1 -906.024 1534.45 0.0240619 1
 1 -1817.78 -625.318 0.00344922 1
 1 663.867 -46.2483 0.000463459 1
 1 -39.4599 446.554 0.0355352 1
 1 -1462.26 -1020.14 0.00218433 1
 1 1648.5 -1545.74 0.00905708 1
 1 1167.24 6.71616 0.00429939 1
 1 456.056 166.685 0.00462263 1
 2 -1957.18 1045.13 0.0195922 1
 1 37.2362 1132.18 0.00385238 1
 1 -295.495 -8558.76 0.000131772 1
 1 -269.852 673.967 0.00754812 1
 1 -3141.73 21576.9 0.000208143 1
 1 -3165.51 -3826.51 0.00130296 1
 1 -1519.1 789.177 0.000472706 1
 1 -559.76 1512.3 0.0505052 1
 1 -4634.77 4030.39 0.00044403 1
 1 -686.675 1655.68 6.53289e-05 1
 3 -565.776 1754.31 0.000981685 1
 3 -683.809 1624.1 0.0342155 1
 1 -474.602 1482.68 0.06141 1
 1 -39.0814 276.577 0.023056 1
 1 -43.2983 268.619 0.0493601 1
 1 42396.7 -20099.9 0.000244865 1
 1 7330.53 -6142.57 0.00169007 1
 1 1148.71 1431.94 5.01249e-05 1
 1 -664.076 -1961.18 0.00134803 1
 1 -795.746 -1059.03 0.00563129 1
 3 -626.379 -1124.63 0.00814791 1
 1 -8.65003 414.293 0.000622564 1
 2 -38.3607 506.256 0.00968826 1
 3 -171.532 636.381 0.0131429 1
 1 -1702.54 -861.38 0.000211065 1
 1 -1553.04 -367.911 0.00286476 1
 1 -2781.49 -3308.71 0.003108 1
 1 -732.498 558.281 0.00339108 1
 1 -633.604 1061.6 0.00409059 1
 3 -684.022 961.458 0.00838843 1
 3 497.667 1037.7 0.0032177 1
 1 -453.324 179.751 0.000328586 1
 1 -482.282 200.798 9.92592e-05 1
 2 -457.879 174.779 0.0323195 1
 1 -131.814 819.785 0.00148335 1
 3 -157.513 818.349 0.00429429 1
 3 -152.877 842.826 0.0692224 1
 1 -111.639 667.068 0.00566253 1
 1 -6706.97 5023.41 0.00223719 1
 1 -5190.92 -4119.19 0.000446304 1
 1 -12.7761 865.556 0.0503734 1
 1 123.005 899.668 0.000153396 1
 3 -180.121 925.459 0.000689044 1
 3 27.8432 926.334 0.0849232 1
 1 27.4924 702.052 0.0426096 1
 2 45.3654 701.54 0.155911 1
 1 216.38 816.516 0.00187717 1
 1 413.495 978.768 0.00202848 1
 1 659.622 1042.94 0.111014 1
 1 687.317 1050.67 0.00662662 1
 1 693.792 1051.02 0.0361334 1
 1 605.941 1064.37 0.00027411 1
 1 613.977 1073.9 0.0676503 1
 3 606.483 1070.55 0.659157 1
 1 -49.2171 721.083 0.000871686 1
 1 -13.2757 776.064 0.00656312 1
 1 349.828 727.331 0.00265921 1
 1 546.169 758.162 0.000740438 1
 1 578.535 695.62 0.00474468 1
 3 578.947 695.393 0.0575755 1
 1 -179.565 854.808 0.00130382 1
 1 -2579.79 898.5 0.000680149 1
 3 -824.38 1773.24 0.00519943 1
 1 112.354 429.686 0.000108807 1
 3 -350.971 656.076 0.0110972 1
 1 -189.661 866.405 0.00206721 1
 1 -192.811 867.226 0.0402088 1
 2 -191.98 864.369 0.811692 1
 1 -8145.16 -320.557 0.000497939 1
 1 11065.7 15363.1 0.00490908 1
 1 473.7 -244.114 0.00186239 1
 1 -445.898 -8133.57 0.0207296 1
 1 21382.3 4875.81 0.00931376 1
 1 6353.06 11424.2 0.00761912 1
 1 -27762.2 24641.8 0.000140002 1
 1 178.253 379.576 0.0554809 1
 2 1488.9 962.754 0.0868567 1
 1 9726.5 6682.27 0.000668487 1
 1 1912.29 -216.483 0.038387 1
 1 3267.27 166.425 0.0310853 1
 1 4505.2 -3833.89 0.0237307 1
 1 5352.05 2984.24 0.00256485 1
 1 3846.08 1919.73 0.000264475 1
 1 9729.74 -32389.3 0.000314781 1
 3 9888.32 -33566.9 0.00152528 1
 1 -214.911 -1012.17 0.0217871 1
 1 -1223.42 146.009 0.00933627 1
 1 -14968.2 32680.2 0.00728942 1
 1 16115.1 -535.171 0.00191758 1
 1 16105.1 -4424.31 0.00902572 1
 3 15474.5 -3076.23 0.00834942 1
 1 -26861.8 3222.47 0.000712284 1
 1 14808.8 3029.51 0.0199223 1
 1 3956.27 -19985.4 0.00105498 1
 1 10371.4 1494.59 0.000735519 1
 1 2036.13 -28442.3 0.00150957 1
 1 3515.89 -16249.8 0.0031698 1
 1 -1018.22 -1046.03 0.000659164 1
 1 -860.157 -1153.22 0.00359435 1
 1 -817.363 -1124.61 0.000755338 1
 3 -1443.54 -1476.78 0.0221534 1
 1 -753.439 -1046.62 0.0790004 1
 1 -2679.17 987.198 0.00606845 1
 1 -2412.35 1437.56 0.000428093 1
 1 596.552 1428.13 0.0025872 1
 1 -1613.77 1370.19 0.000137441 1
 2 -1921.38 574.675 0.0177891 1
 1 -30012.2 24337 0.00107592 1
 1 20701.9 6320.91 0.00278935 1
 1 8053.81 13770.3 0.0128993 1
 1 7833.63 -3259.11 0.00416728 1
 1 3565.46 -2208.05 0.00276982 1
 1 -1061.01 3493.25 0.00139731 1
 1 309.643 914.711 0.000935401 1
 1 -2690.72 7883.65 0.000147825 1
 1 -5893.58 7752.22 0.00399472 1
 1 -1958.63 2122.58 0.00468164 1
 1 -1721.82 24156.5 0.00118211 1
 1 253.884 10249.3 0.000278045 1
 1 7067.46 -15870.9 0.00284588 1
 1 -15607.3 -2423.21 0.000771822 1
 1 6376.46 -13187.5 0.0023559 1
 1 -4057.81 -2131.45 0.257559 1
 1 -12708.1 146.676 0.00486766 1
 1 -53956.1 -1405.94 0.00335713 1
 1 6375.11 -6769.55 0.0144914 1
 1 10217.7 -5142.22 0.0113736 1
 1 -3788.77 -4211.62 0.012087 1
 1 -977.977 -7641.82 0.000234086 1
 1 -1411.82 -11816.2 0.000252585 1
 1 -494.414 -4993.09 0.011833 1
 1 -4810.04 -16503.2 0.00964121 1
 1 -2945.58 9762.48 0.00566844 1
 1 388.993 199.756 0.0139295 1
 1 -1902.4 -8813.96 8.57486e-05 1
 1 -1274.62 -2363.98 0.000374697 1
 1 -2908.67 -8401.86 0.000735413 1
 1 3590.33 6177 0.000938809 1
 3 3184.51 6537.32 0.00120153 1
 2 -1492.89 8344.81 0.00901402 1
 1 -5586.01 11399 0.0030155 1
 1 -4773.97 11335.6 0.00923988 1
 1 13073.3 16424.5 0.000151098 1
 1 3593.52 993.831 0.086456 1
 1 2541.28 2990.47 0.00381466 1
 1 10349.1 -1309.44 0.00465569 1
 1 12978.2 -7930.22 0.00344398 1
 1 17797.5 -14680.6 0.00329777 1
 1 18535 924.867 0.00557302 1
 1 19982.6 8322.28 0.00202678 1
 1 903.054 521.554 0.1243 1
 1 2600.61 2592.34 0.00210571 1
 3 1897.21 2748.09 0.0095744 1
 1 3277.76 2604.01 0.000830919 1
 1 552.249 3372.22 0.031316 1
 1 -1828.5 766.959 0.00305665 1
 1 894.102 3328.35 0.00764636 1
 1 944.945 3606.26 0.108792 1
 1 1861.26 2946.18 0.0102993 1
 1 3783.27 11400.6 0.000168292 1
 1 1687.54 14279.2 0.000563167 1
 1 4673.62 11284.9 0.000749172 1
 1 2538.07 15674.2 0.000317695 1
 3 -1843.17 -5232 0.0023548 1
 1 9668.72 -8428.05 0.000401125 1
 1 -1848.22 -3080.88 0.037239 1
 1 -1783.51 -3344.44 0.0013369 1
 1 -2344.54 -3203.81 0.00115841 1
 1 -2520.26 -3286.67 0.00377681 1
 1 -2797.73 -2559.2 7.7885e-05 1
 1 -2437.68 -3294.65 0.0038063 1
 2 -2428.82 -3308.42 0.103012 1
 1 -1023.28 303.121 0.017997 1
 1 2769.28 -4181.44 0.00816269 1
 1 11904.3 -2904.37 0.000191461 1
 1 17285.8 4502.18 0.00100841 1
 1 -741.492 8769.1 0.00242401 1
 1 12410.5 -2729.13 0.000203088 1
 1 -4138.6 -13281.3 0.0362401 1
 1 -8648.96 -12941 0.00242474 1
 1 -4566.45 3933.93 0.0290203 1
 1 -11144.2 9079.86 0.0219054 1
 1 -14418.1 8764.34 0.000595603 1
 1 -19321.5 5657.44 0.00878214 1
 1 -5859.99 39059.6 0.00135068 1
 1 -820.498 3958.91 0.00664212 1
 1 -1095.37 2353.95 0.0720847 1
 1 -9246.17 -31384.8 0.00822876 1
 1 19399.2 -21737.3 0.00115086 1
 1 6304.48 2084.36 0.000124231 1
 1 217.79 263.124 0.00120453 1
 1 -2380.7 765.295 0.0012978 1
 3 -2255.53 1318.19 0.00678144 1
 1 -2839.91 1185.92 0.000235673 1
 3 -1115.5 3840.79 0.0343719 1
 1 -1918.05 -3453.43 0.0107974 1
 1 10664 5922.54 0.0689653 1
 1 -10512.7 -306.833 0.00645462 1
 1 -2133.61 -455.769 0.00564471 1
 1 -31065.5 25798.1 0.00614806 1
 1 -782.354 1519.97 0.0206524 1
 1 -582.717 730.561 0.000359901 1
 1 -585.934 867.019 0.000718044 1
 2 -595.162 826.089 0.00244113 1
 3 -1752.56 1160.74 0.0104546 1
 1 -1173.13 901.288 0.0511338 1
 1 5828.43 6398.88 0.00054565 1
 1 -2431.31 -2953.34 0.109462 1
 1 -363.094 10627.5 0.00265297 1
 1 878.94 923.713 0.0215681 1
 1 625.81 753.762 0.0636992 1
 1 -14964.7 9364.26 0.000488333 1
 1 -1957.25 24341.1 0.0001188 1
 1 -7510.13 2802.48 0.00110232 1
 1 9248.53 -1996.65 0.00253343 1
 1 8191.65 -1144.4 0.0041986 1
 1 4440.76 -5836.85 0.000463149 1
 1 -927.466 1260.58 0.081265 1
 1 -4272.71 2236.82 0.00427114 1
 1 -3036.72 1124.66 0.134294 1
 1 2302.8 1871.66 0.00624748 1
 3 1932.31 1946.04 0.0125194 1
 1 2040.64 903.746 0.000773852 1
 1 849.497 3543.09 0.00117913 1
 1 3314.98 1239.94 0.102905 1
 1 -42330.7 3625.43 0.00971994 1
 1 -152.938 5397.34 0.0108292 1
 1 -28419.7 52923.6 0.000510999 1
 1 -58079.9 74088.2 0.004499 1
 1 11652.8 -25797.4 0.0106078 1
 1 29068.4 -59799.2 0.00332575 1
 1 2864.35 6270.07 0.00443469 1
 1 4288.62 28037.5 0.000883546 1
 1 5549.25 -6150.83 0.0125512 1
 1 -251.031 -12120.3 0.00645684 1
 1 7423.13 6422.23 0.0149414 1
 1 -22088.7 -50712 0.029359 1
 1 -30161 -32962.5 0.00355128 1
 1 6420.28 2650.89 0.00905767 1
 1 14574.4 4997.2 0.028302 1
 1 7121.22 -18357.2 0.00866029 1
 1 8148.48 -23429.2 0.00458716 1
 1 -85.4779 -5406.56 0.000574382 1
 1 9290.41 -19717.9 0.0040432 1
 1 8912.22 -19291.4 0.0243161 1
 1 8490.35 -17715.6 0.00114315 1
 1 6589.36 -19336.9 0.0188533 1
 1 -41198.1 10835.2 0.00611213 1
 3 6344.07 -6019.28 0.00487389 1
 1 -908.786 -5515.39 0.000361934 1
 1 -533.7 15209 0.00020287 1
 2 5952.21 -2330.81 0.0101957 1
 3 5287.61 -2768.45 0.0167712 1
 1 3612.28 -12647.1 0.0171824 1
 3 4902.4 -8074.17 0.0630294 1
 1 15226.8 1059.71 0.000318629 1
 1 4169.53 -5796.66 0.000794428 1
 2 4121.98 -5872.46 0.0108042 1
 1 4110.69 -5867.43 0.01356 1
 1 -11936.2 -13567.6 0.00343852 1
 1 -9131.5 -4745.4 0.0128164 1
 1 -2271.9 -89473.3 0.013881 1
 1 5130.3 9041.75 5.09526e-05 1
 3 5011.71 8804.98 0.00216575 1
 1 5819.8 9310.8 0.00417652 1
 1 6488.49 6241.48 0.00845231 1
 1 8414.47 2699.93 0.031074 1
 1 14565.6 3381.86 0.00602058 1
 1 8675.91 -719.483 0.0137563 1
 1 19244.3 -13762.8 0.0146621 1
 1 3149.84 -20736.1 0.00209838 1
 1 12817.9 -3411.26 0.00140762 1
 1 -226.76 246.488 0.0629616 1
 1 2133.4 30795 0.00123502 1
 1 6970.27 -100.493 0.000315168 1
 1 10178 3809.54 0.00371903 1
 1 -10101.4 11888.9 0.0018518 1
 1 -21382.4 20970.1 0.00355818 1
 1 -16988.1 -1471.58 0.00460465 1
 1 4540.44 3037.56 0.00730487 1
 1 -8579.73 4513.9 0.00602843 1
 1 10660.3 9733.52 0.00769338 1
 1 8908.09 42286.5 0.0159807 1
 1 6384.03 27425.4 0.0560249 1
 1 47447.5 6474.02 0.00874229 1
 1 35978.7 42022.4 0.000247151 1
 1 112400 79700.3 0.0139418 1
 1 -2259.68 -10555.1 0.00104437 1
 1 -1871.91 -8802.26 0.00856183 1
 1 -2181 -10070.3 0.00102875 1
 1 -2917.71 -10108.2 0.0175637 1
 2 -8832.87 -4935.04 0.00367681 1
 3 -8917.36 -4151.39 0.00010905 1
 3 -8927.49 -4130.9 0.00561054 1
 1 -4956.39 -4898.95 0.00136435 1
 1 -2491.92 -11295.4 0.0172166 1
 1 -2551.68 -12866.7 0.00302555 1
 1 -3607.2 -14093 0.000235708 1
 1 -6293.36 -14329.9 0.00321022 1
 1 -4163.37 -14128.6 0.00285787 1
 1 -2644.58 -12052.5 0.0697905 1
 1 19468.8 12115.7 0.00649715 1
 1 1509.65 -22095.9 0.00047001 1
 1 -31362.5 53375.6 0.00442834 1
 1 -13847.5 31831.5 0.00140384 1
 1 -8031.09 -5164.79 0.00899818 1
 1 -201.937 761.123 0.00266459 1
 1 381.635 226.288 0.000317118 1
 1 -3047.41 3421.75 0.00942319 1
 3 -3279.68 3518.37 0.0152795 1
 1 -13892.4 -14022.8 0.00836454 1
 1 7480.48 12122.7 0.000248119 1
 1 -8.78979 3187.61 0.347646 1
 1 16045.1 -15790.7 0.0655454 1
 1 -956.912 -3645.28 0.129324 1
 1 3169.52 39270.6 0.00153949 1
 1 11980.4 9711.75 0.00230456 1
 1 6168.65 17765.9 0.00881964 1
 1 4023.4 -2445.21 0.000149047 1
 1 3043.9 -2347.22 0.00413274 1
 1 -7944.26 7783.34 0.00279545 1
 1 -2269.85 17017.6 0.000966656 1
 1 2093.17 -1146.17 0.0518343 1
 1 31942.8 -13772.4 0.00525892 1
 1 2079.59 5203.59 0.00448211 1
 1 7183.36 4363.62 0.000692851 1
 1 7794.82 879.459 8.77739e-05 1
 1 10531 -371.21 0.00220676 1
 1 -1895 1182.77 0.0165954 1
 1 -1700.53 1055.88 0.00203581 1
 1 -2156.1 -292.778 0.00436389 1
 1 -1072.58 1753.67 0.00143331 1
 3 -1081.77 1741.37 0.0121257 1
 1 82.6889 -32.0703 0.0149098 1
 1 8432.38 -8221.12 0.00025937 1
 1 -2192.62 -2315.88 0.0166288 1
 1 -51.368 224.549 0.125299 1
 1 -116.954 306.15 0.0273358 1
 1 -494.307 -702.752 0.00711355 1
 1 -484.107 -280.214 0.0177025 1
 1 377.425 249.4 0.00939156 1
 1 131.462 430.616 0.058326 1
 1 99.4654 3621.34 0.000401676 1
 1 904.2 1069.93 0.0557419 1
 1 5676.64 -1160.14 0.0113677 1
 1 -5107.14 941.116 0.00138173 1
 2 -5112.98 943.542 0.0336332 1
 1 3375.31 1631.81 0.00631159 1
 1 -1198.82 705.381 0.049439 1
 1 -1460.1 366.365 0.0127415 1
 1 32280.1 -12321.3 0.000815743 1
 1 -1709.47 610.772 0.00220324 1
 1 1041.83 1190.46 0.00222461 1
 1 -1636.11 346.404 0.00670307 1
 1 -1690.6 202.086 5.17346e-05 1
 1 -3894.82 -277.136 5.73093e-05 1
 1 97.3179 1108.99 0.00022644 1
 1 348.891 1173.55 0.00154263 1
 1 699.773 1527.7 0.000106047 1
 2 766.374 1544.66 0.00465616 1
 1 8711.64 11476.3 0.000210988 1
 1 -1493.67 418.991 0.0696234 1
 1 -1439.1 383.245 0.0772379 1
 1 -1450.14 379.357 0.12148 1
 3 -1448.79 378.211 0.158231 1
 1 -19354.7 -31092.6 0.000608102 1
 1 -3916.48 -14391.5 0.0717487 1
 1 16501.7 11968.1 0.00777005 1
 1 20919.6 7378 0.000250837 1
 1 20817.9 12300.5 0.000170232 1
 1 18167.4 6900.98 0.00856741 1
 1 5540.76 -5668.18 0.0200758 1
 1 3035 722.252 0.00130446 1
 1 5638.28 1214.9 0.000850794 1
 1 -6708.55 -6220.78 0.00405843 1
 1 -323.48 -17463.6 0.00289754 1
 1 -11561.6 45.4514 0.00463571 1
 1 1669.89 5747.42 0.00017659 1
 1 3639.69 -3603.32 0.00289158 1
 1 -8837.55 1146.48 0.00362934 1
 1 -18083.9 20479.8 0.00205172 1
 1 6836.93 -1535.55 0.000996332 1
 1 -2125.64 -4386.58 0.00271687 1
 1 -5022.04 -10669.5 0.0047146 1
 1 8330.64 3587.92 0.000384877 1
 1 -42223.9 16001.3 0.0109701 1
 1 1045.29 80439.3 0.000318206 1
 1 2075.5 526.08 0.000918629 1
 1 -8112.42 -1037.16 7.4309e-05 1
 1 3301.86 3265.83 0.0513346 1
 1 12796.6 2450.94 0.000476068 1
 1 1129.9 7070.41 0.00593157 1
 1 665.847 11204.2 0.00311399 1
 1 1284.1 14738.8 0.0264886 1
 1 -3206.65 -5487.82 0.00314435 1
 1 -19012.7 -62.4326 0.000906423 1
 1 -8670.65 -11517.7 0.00140935 1
 1 -1188.66 -20009.5 0.025068 1
 1 4878.24 477.602 0.0160777 1
 1 -7551.42 8483.1 0.0018965 1
 1 558.145 15973.2 6.24807e-05 1
 1 -1594.12 -7963.83 0.00204101 1
 1 6104.1 -8264.03 0.00110245 1
 1 4814.07 -606.053 0.0056712 1
 1 5935.01 -844.605 0.000205974 1
 1 7140.9 788.083 0.0546967 1
 1 12676.1 -15518 0.0180346 1
 1 2704.08 1744.04 0.0244921 1
 1 2704.05 1577.64 0.0393371 1
 3 2667.01 1609.91 0.0814426 1
 1 1556.27 89.3151 0.332137 1
 1 -24646.8 14772.5 0.00805234 1
 1 -3071.27 -2633.63 0.01769 1
 1 -17810.7 7793.07 0.000331835 1
 1 -1818.81 -4934.53 0.0127042 1
 1 -3246.13 -2257.06 0.000441044 1
 2 -2782.75 -2965.95 0.01188 1
 1 -3180.71 -2340.68 0.0187661 1
 1 22231.9 -2158.1 0.0116821 1
 1 25626.7 -20671.5 0.000323037 1
 1 973.488 -18088.2 0.00130703 1
 1 752.157 11119.4 0.0128707 1
 1 -4634.8 8786.66 0.0201386 1
 1 4415.68 -427.413 0.0418561 1
 1 5379.65 -1720.58 0.00395317 1
 1 -1725.06 5969.66 0.0114302 1
 1 588.847 -2799.07 0.0125445 1
 1 -10347.4 -13662 0.00231495 1
 1 1765.95 -2165.8 0.000365857 1
 2 1009.78 -2144.18 0.0167029 1
 1 1469.4 -2141.39 0.00734373 1
 3 1462.04 -2136.27 0.12704 1
 1 7195.23 -25213.9 0.0303341 1
 1 -21587.6 -47988.4 0.00213771 1
 1 1414.58 -589.733 0.0209326 1
 1 779.121 -1365.61 0.0822129 1
 1 3429.8 -3117.47 0.0211259 1
 1 -3742.54 -10530.6 0.000885462 1
 2 -4826.64 -13474.5 0.0148317 1
 1 -6015.93 -8976.43 0.0051907 1
 1 -6063.83 -9024.54 0.00635301 1
 1 -7151.28 -9075.72 0.00136598 1
 1 -7658.83 -8254.37 0.00410231 1
 1 -7638.1 -8269.14 0.00150795 1
 3 -7717.37 -8062.73 0.0156053 1
 1 22961.8 16696.7 0.00326101 1
 1 -6510.05 65.276 0.00412803 1
 1 -11329.3 -5149.53 0.00253057 1
 1 867.884 -4413.17 0.0271601 1
 1 5476.56 -2665.75 0.00830249 1
 1 9777.21 -2495.13 0.024152 1
 1 -9290.82 -12196.6 0.0476825 1
 1 17992.6 70908.2 0.000308905 1
 1 12735.1 -187.387 0.00788885 1
 1 66960 22688.3 0.00275118 1
 1 -51254.7 -17000.2 0.00182048 1
 1 9834.93 29891.1 0.000133082 1
 1 13291.6 33199.4 0.00140262 1
 1 11472.6 32414.9 0.00143911 1
 1 30276.2 -48698.5 0.0288823 1
 1 3473.32 -8880.89 0.014315 1
 1 -21100 -9668.33 0.0130971 1
 1 35894.8 -2720.88 0.00697963 1
 1 -3908.69 -11968.4 0.000142701 1
 1 -7606.37 -11218.4 0.0135524 1
 1 -4160.02 -1344.8 0.0461612 1
 1 -4758.85 1216.96 0.035835 1
 1 -1860.15 11252.1 0.00341964 1
 1 -10600 12159.9 0.0727252 1
 1 2228.46 4837.59 0.0242674 1
 1 -27707.4 -21454 0.0161845 1
 1 3233.26 3320.94 0.0642819 1
 1 1407.87 6224.8 0.126564 1
 1 37239.1 7398.33 0.00237049 1
 1 29120.7 22689.3 0.000140835 1
 1 20616.1 -21712.1 0.00901466 1
 1 -2328.21 -398.842 0.0624209 1
 1 -12061.4 -6206.19 0.00112685 1
 1 -12898.7 -23478.3 0.000353087 1
 1 2905.88 1910.89 0.00163302 1
 1 -8012.37 -30883.1 0.0056409 1
 1 -6319.8 6177.65 0.0096836 1
 1 11921.1 70422.9 0.00376498 1
 1 -15929.3 -17286.8 0.00656191 1
 1 1993.59 -2229 0.00443306 1
 1 -2472.68 -1300.05 0.0166426 1
 1 -5765.44 2718.39 0.000395586 1
 1 6102.46 -2116.17 0.0012593 1
 1 2855.56 17980.8 0.00024653 1
 1 -20125.7 -14568.5 0.02481 1
 1 357.217 8887.96 7.2664e-05 1
 1 20089.8 -18478.7 0.000853655 1
 1 23038.6 -12534 0.000690787 1
 1 -3389.54 -2916.82 0.0300701 1
 1 -1971.23 -2229.74 0.0236481 1
 1 -573.905 -28987.2 0.000423273 1
 1 -2008.64 -943.525 0.00282491 1
 1 -489.72 -1087.93 0.000304031 1
 1 515.672 -1478.1 0.0025852 1
 1 443.192 -1290.66 6.52301e-05 1
 2 1006.31 -1497.64 0.0196884 1
 1 -3856.6 -4204.62 0.000338038 1
 1 -4003.55 -4483.25 0.00534657 1
 1 856.604 -6727.51 0.00302194 1
 1 -4602.63 -3739.8 0.0169699 1
 1 -3186.44 -501.739 0.000169646 1
 1 -1286.84 -1665.52 0.000517512 1
 1 -3550.47 -3787.15 0.109849 1
 1 -3193.58 -3326.33 0.0290153 1
 1 -2329.71 -5587.84 0.00171818 1
 3 -2369.91 -6190.07 0.0309873 1
 1 -3580.25 -3813.39 0.0625814 1
 1 -5040.16 811.67 0.0373831 1
 1 -3940.04 -2043.48 0.00916033 1
 1 9458.39 -6619.41 0.0027923 1
 1 -9522 -5412.82 0.00144029 1
 1 3847.09 -21625.6 0.0118096 1
 1 17926.1 -66394.4 0.00213269 1
 1 1510.86 5438.44 0.00215979 1
 1 2864.39 2343.96 9.11738e-05 1
 3 2739.76 2949.45 0.0212021 1
 1 1630.82 -1439.14 0.0105105 1
 1 2545.76 1235.99 0.0126861 1
 1 8376.84 -11919.1 0.00245495 1
 1 652.003 434.979 0.0476976 1
 1 406.155 2693.26 0.0102285 1
 1 -1632.84 2556.09 0.0345015 1
 1 995.324 28.1154 0.00583644 1
 1 2584.08 -1611.32 0.00139904 1
 1 3125.47 -2313.39 0.00326052 1
 2 2934.85 -2287.85 0.0879896 1
 1 -13757.7 -124.225 0.0162079 1
 1 -13567.1 -1585.26 0.0328917 1
 1 758.328 279.827 0.00888632 1
 1 -599.954 3267.62 0.0883686 1
 1 1381.69 19108.3 0.0128756 1
 1 -26079.8 -11960.9 0.000947409 1
 1 17741.7 506.593 0.0105313 1
 1 -1555.03 -3682.02 0.00192091 1
 1 -286.066 821.304 9.36073e-05 1
 1 1004.22 -3068.41 0.0422874 1
 1 3233.68 -3219.91 0.0379894 1
 1 18723.9 15508.3 0.00772545 1
 1 15862 -9484.29 0.00341285 1
 1 6319.23 -11398.6 0.0058658 1
 1 9924.66 -11859.1 0.000945704 1
 1 2526.5 -4501.55 0.352386 1
 1 -40626.4 8128.48 0.0521011 1
 1 -26854.6 42551.1 0.0020686 1
 1 -28283.6 -12345.2 0.00312603 1
 1 -7044.47 8975.65 6.62165e-05 1
 1 -7611.72 7314.74 0.0108789 1
 1 -2365.28 1524.66 0.0355945 1
 1 -1239.14 12174.6 0.00123042 1
 1 27.0271 -2530.32 0.000104797 1
 1 9606.6 -23007.2 0.000224586 1
 1 28118.2 20140.2 0.000817721 1
 1 -18744.5 -7850.08 0.00278228 1
 1 -11340.1 14.808 0.0029728 1
 1 -12437.2 10678.4 0.000667848 1
 1 -57363 -25898.7 0.00202472 1
 1 -13361.9 -3478.39 0.0030492 1
 1 -12808.2 -8305.6 0.00235672 1
 1 -5263.2 -2014.02 0.00723275 1
 1 -7696.49 713.409 0.00974299 1
 1 -11645.1 1616.3 0.00142909 1
 1 -4122.32 13476.4 0.00058111 1
 1 -3334.19 2757.96 0.0149805 1
 1 -2892.47 6251.46 0.00712171 1
 1 -17340.4 -17144.6 0.0414069 1
 1 10973.6 5697.88 0.00742513 1
 1 -13356.9 42585.7 0.00951693 1
 1 15988.3 -17955 0.00329874 1
 1 1704.95 -950.14 0.000431872 1
 1 31744.4 8025.22 0.000156324 1
 1 -1812.03 -8169.15 0.000129065 1
 1 9458.78 -29814.6 0.000968341 1
 1 1288.35 -10283.9 0.0230745 1
 1 12381.4 -2036.47 0.0167721 1
 1 -3154.17 28633.2 0.0115079 1
 1 2002.97 2510.4 0.000597064 1
 1 14273.6 741.991 0.0016873 1
 1 3498.46 -1111.24 0.00232406 1
 1 6136.97 3361.04 0.0266031 1
 1 1686.83 3879.04 0.00233278 1
 1 2251.12 45.6413 0.000405424 1
 1 452.982 1037.63 8.56512e-05 1
 1 2453.68 -2418.79 0.000487554 1
 1 2446.8 -2408.95 0.0143102 1
 1 -4922.62 -840.52 0.000215394 1
 1 2394.05 -1067.54 0.00413485 1
 1 2420.91 -999.063 0.0125266 1
 1 2458.48 -818.482 0.00242148 1
 3 2878.31 -171.58 0.0145949 1
 1 5277.24 533.867 6.41217e-05 1
 1 1661.69 -2415.07 5.50166e-05 1
 2 1659.49 -2415.02 0.0792175 1
 1 15965 17503.7 0.000195499 1
 1 6449.77 -128.426 0.00204396 1
 1 11771.8 8644.05 0.000985459 1
 1 8762.66 5226.12 0.000633359 1
 1 931.03 26946.7 0.000629278 1
 1 195.054 19644.5 0.000571349 1
 1 26066.2 -1553.58 0.00135847 1
 1 -5863 1449.36 0.00927855 1
 1 -12832 4884.6 0.000122251 1
 1 6310.61 -4702.57 0.00020577 1
 1 11605 9495.94 0.00162018 1
 1 12780.2 2.37156 0.00579718 1
 1 25759.5 -32370.2 0.00440402 1
 1 -5103.72 5070.72 0.00167768 1
 1 -2227.18 4459.77 0.000684165 1
 3 -1615.48 4761.57 0.00268216 1
 1 -7174.48 7807.63 0.00016313 1
 1 -8975.7 7688.7 0.000614791 1
 1 -1971.13 4631.55 0.0227473 1
 1 69146 24975.3 0.0124549 1
 1 18399.5 6870.07 0.00381786 1
 1 -2215.34 2799.98 0.0350795 1
 1 14542.5 15407.5 0.000671614 1
 1 17208.5 23978.1 7.04367e-05 1
 1 -38097.8 -4571.51 0.00228731 1
 1 -5139.95 7995.54 0.00590334 1
 1 16444.8 8413.78 0.00551103 1
 1 4216.42 5397.1 0.00437634 1
 1 1858.94 6108.08 0.00742376 1
 3 5863.16 17038.6 0.00884382 1
 2 5849.96 17040.3 0.0189063 1
 1 3101.37 15163.7 0.000470297 1
 1 1304.11 4905.33 0.0404264 1
 1 -3867.01 14549.6 0.000787145 1
 1 948.174 8039.13 0.00980227 1
 1 5427.53 3606.01 0.00147485 1
 1 2069.92 6077.97 0.00115112 1
 1 -1469.51 9439.76 7.37679e-05 1
 1 3408.49 6836.88 7.51237e-05 1
 3 3343.68 6859.81 0.000206489 1
 3 3406.99 6852.02 0.0334089 1
 3 -3974.41 -372.668 0.0117664 1
 1 -11359.5 -5730.11 0.000735284 1
 1 7981.48 5128.75 0.00025886 1
 1 9908.87 -1030.46 0.000804303 1
 1 7047.8 -1775.86 0.0485085 1
 1 -13616.3 -6934.19 0.000921746 1
 1 25112.6 -5786.21 0.00055849 1
 1 -4176.31 4520.97 7.61646e-05 1
 1 -5653.54 -411.616 5.33518e-05 1
 1 894.568 2226.46 0.00129418 1
 1 17945.9 -18992.2 0.000445559 1
 1 6734.94 -2285.28 0.0225635 1
 1 6884.41 -2196.21 0.00555317 1
 1 7124.87 -2169.11 0.0550405 1
 1 3920.34 3469.58 0.000558306 1
 1 7669.37 -1261.75 0.0055635 1
 1 7184.73 -2209.57 0.00801494 1
 1 5788.04 -2436.44 0.000216144 1
 1 5794.32 -2497.88 0.00387138 1
 2 5794.25 -2496.49 0.0472638 1
 2 3644.3 2242.7 0.00372924 1
 1 46457.9 4898.05 0.000280445 1
 1 26546.8 -6068.02 0.00541974 1
 1 25613.3 -7608.17 0.00204407 1
 1 26161.3 -8639.24 0.00621901 1
 1 26768.5 -8521.25 0.00160088 1
 1 26578 -7493.37 0.00608446 1
 1 28020.1 -8477.77 0.0072665 1
 1 26483.7 -7418.63 0.00340853 1
 1 26165.4 -7017.55 0.00145802 1
 1 25588.8 -6954.99 0.00140876 1
 2 25598.1 -6957.23 0.00965279 1
 1 24977.1 -7232.96 0.0317471 1
 1 25649.8 -6538.03 0.00128261 1
 1 25449 -4064.64 0.0429632 1
 1 24619 -3703.39 0.00313538 1
 1 26519.9 -2198.97 0.000237065 1
 1 25948.5 -5378.73 0.000148241 1
 3 25879.6 -5549.54 0.0293715 1
 1 15152 28761.5 0.00145269 1
 1 -14031.3 16534.3 0.000270023 1
 1 -13713 -28166 0.000515418 1
 1 -1484.08 20201.9 0.00352185 1
 1 -7816.54 12048.7 0.000439609 1
 1 15760 -7307.43 0.00203648 1
 1 9669.54 9770.08 0.0152597 1
 1 12608.3 12444.5 0.0338678 1
 1 809.644 3754.66 0.0342724 1
 1 -3914.84 1907.96 0.00337714 1
 1 -9103.17 -4751.18 0.000272893 1
 3 16921.8 -7356.04 0.00232742 1
 2 16922.2 -7362.33 0.00712188 1
 1 3135.77 17126.8 0.110766 1
 1 1154.78 -852.288 0.0118002 1
 1 -35153.9 -2650.49 0.000503077 1
 1 10982.5 2025.06 0.00326899 1
 1 3444.15 -2560.33 0.0268371 1
 1 92.4661 -623.605 0.172158 1
 1 14613.8 -1008.65 0.000536225 1
 1 3257.06 1293.74 0.0937514 1
 1 -14419.8 27945.3 0.00260331 1
 1 11834.5 -9229.18 0.0210819 1
 1 51909.9 -27570.1 0.000888997 1
 1 -19841.5 29154.9 0.00121987 1
 1 -21019.9 -11677.9 0.0119883 1
 1 11224.9 13203.2 0.000347905 1
 1 -29837.4 -27557.6 0.000675364 1
 1 7271.27 -33489 0.00114967 1
 1 2552.44 -2007.95 0.00977475 1
 1 8349.55 1021.86 0.000126521 1
 1 1396.89 -4766.6 0.000216003 1
 1 -3133.89 6589.45 0.000110175 1
 1 -7205.59 -3570.62 0.000183329 1
 1 1418.54 -1046.53 0.0348593 1
 1 -610.403 3691.37 0.00139546 1
 1 -605.445 9513.31 0.0137852 1
 1 -1131.54 5472.38 0.0332787 1
 1 1082.33 262.758 0.000552704 1
 1 -5324.67 6901.99 0.000885267 1
 1 -6397.69 6248.33 0.0183252 1
 1 -86126.9 9900.31 0.00436694 1
 1 -5049.39 31317.7 0.00661174 1
 1 46805.4 18389 0.000680116 1
 1 -7058.27 -18544.3 0.00162786 1
 1 2970.62 -9892.25 0.0332045 1
 1 1713.6 -15542.2 0.00227191 1
 1 -11532.4 3664.18 0.000114469 1
 1 5982.83 -5776.74 0.0179823 1
 1 -3214.25 24194.4 0.00045696 1
 1 1467.56 337.423 0.000962661 1
 1 -1488.45 14906.2 0.000223955 1
 1 238.373 20889.5 0.00120984 1
 1 -2210.17 9351.17 0.00164045 1
 1 -16529.9 16515.7 0.000126091 1
 1 -6112.11 7524.35 0.00873553 1
 1 52237.3 2490.44 0.00177807 1
 1 12335.5 -23600.4 0.00853304 1
 1 7269.31 -14326.5 0.00201021 1
 1 -28252.7 14660.2 0.0115623 1
 1 13885.6 -23722.8 0.00229713 1
 1 18353.3 -25521.6 0.000267773 1
 3 18356 -25487.7 0.00598827 1
 1 449.282 748.591 0.0361748 1
 1 -8540.56 16956.3 0.00272745 1
 1 -5894.24 15712.2 0.000341035 1
 3 -5947.44 15676 0.00352414 1
 1 -5384.08 -21456.3 0.020128 1
 1 3802.85 -2969.63 0.00358908 1
 1 -2448.13 24582.6 0.000261743 1
 1 -731.013 2850.66 0.0339868 1
 1 -2946.48 2950.72 0.00131769 1
 1 -6653.23 1743.83 0.000928842 1
 1 -20648.6 -17793.4 0.000250195 1
 1 7397.93 -3740.42 0.000311455 1
 1 4582.9 -6912.27 0.000786853 1
 1 2994.34 -8425.24 0.00155042 1
 1 4031.38 -8121.98 0.000126987 1
 1 1513.81 -8224.59 0.00333274 1
 1 -2513.52 2228.98 0.00968673 1
 1 -10249.6 1452.08 0.0126437 1
 1 -1959.18 1905.99 0.00126838 1
 1 53.6162 231.413 0.015752 1
 1 1142.06 -1301.87 0.0148609 1
 1 3185.3 -963.408 0.000871357 1
 1 13730.9 -8339.32 0.00161171 1
 1 17231.1 -1190.28 0.00134193 1
 1 -4243.97 -8917.21 0.00355909 1
 1 -7396.02 -5638.78 0.0186584 1
 1 -5466.36 -7955.72 0.00140826 1
 1 14820.5 29415.3 0.00142962 1
 1 -4869.67 20098.3 0.0111567 1
 1 2584.97 -13804 0.00188529 1
 1 -15916.2 -385.385 0.000350876 1
 1 3643.3 3775.29 0.000224259 1
 1 -15274.3 -13556.2 0.00296748 1
 1 2581.02 4508.84 0.0179546 1
 1 -3016.93 3892.5 0.000580848 1
 1 3707.08 1198.87 0.374131 1
 1 -6030.19 3072.05 0.00181047 1
 1 -3337.94 7473.99 0.0297335 1
 1 -20495 8423.81 0.000876567 1
 1 -2251.21 10888.9 0.000107948 1
 1 -2252.47 10621.2 0.00747203 1
 1 -5489.4 10185.5 0.000348554 1
 1 -2666.8 12370 0.000270396 1
 1 -6085.09 11519.4 0.013944 1
 3 -3869.13 19078 0.0385374 1
 1 -3705.1 19015.7 0.00564236 1
 2 -3491.08 18723.4 0.037273 1
 1 10906.1 -1539.54 0.00026026 1
 1 21983.3 -5003.71 0.000415648 1
 1 -52806 2770.71 0.0134237 1
 1 59344.6 54813.6 0.0127608 1
 1 64025.4 94569.5 0.000484442 1
 1 61674.4 47008.2 0.00208286 1
 1 -18181.3 -20494.4 0.0466437 1
 1 -26234.7 -13674.5 0.013639 1
 1 49755.1 14912.9 0.000804123 1
 1 1913.82 -3175.25 0.00144401 1
 1 1508.67 -12233.8 0.0346552 1
 1 3012.51 -9961.79 0.0237326 1
 1 -8085.76 4589.53 0.00356023 1
 1 -4603.8 -14238 0.01439 1
 1 672.592 18164.9 0.00128014 1
 1 -19556.6 -18780.1 0.00279874 1
 1 4647.5 -6116.48 0.0507202 1
 1 -13343.1 12368.6 0.0231747 1
 1 -45272.6 56774 0.0261349 1
 1 -12729.4 30145.1 0.00199424 1
 1 5039.55 332.385 0.00878885 1
 1 -2458.1 -5607.36 0.000205788 1
 1 -1332.34 -5733.12 0.0313434 1
 1 -8043.44 28399.5 0.00124803 1
 1 1068.69 28565.7 0.000576441 1
 1 18871.7 11321.8 0.00967074 1
 1 -29244.5 -35809.2 0.00379504 1
 3 3615.8 2021.24 0.0101349 1
 1 -249.907 -1422.56 0.0186971 1
 1 -1537.71 615.841 0.0107832 1
 1 5795.59 10279.9 0.000107239 1
 1 28732.6 -17757.6 0.00983802 1
 1 -8807.39 9090.21 0.0493043 1
 1 16214.1 -20647.1 0.000132986 1
 1 2673.13 -2889.61 0.000323919 1
 1 8866.64 7420.42 0.00139565 1
 1 -16579.7 -16480.4 0.00484007 1
 1 -7515.34 24895 0.00872101 1
 1 30381.9 34275.1 0.000986631 1
 1 -7658.13 152.366 0.000552289 1
 1 20681.5 -12993.4 0.00500624 1
 1 -42598.1 31678.7 0.0123511 1
 1 -17119.3 2020.54 0.00196411 1
 1 -6041.78 31125.8 0.000449559 1
 1 -10417.5 42349.4 0.000668093 1
 1 8804.98 10563.4 0.000500815 1
 3 16356.8 11999.5 0.00436791 1
 1 9149.72 2044.66 0.00537912 1
 1 -15122.2 15980.4 0.00514107 1
 1 -63362.9 -37596.6 0.00132307 1
 1 25995.9 296.683 0.00300794 1
 1 -5130.22 -4590.36 0.00200055 1
 1 -12098.1 -26321.6 0.0203356 1
 1 -468.519 16922.9 0.00840832 1
 1 14036 2927.94 0.15951 1
 1 -19189.5 -5376.46 0.0296999 1
 1 52693.6 4653.68 0.00572094 1
 1 -7925.34 33855.4 0.0448537 1
 1 -1534.43 -2064.61 0.00589562 1
 3 -2038.21 -1990.49 0.00615899 1
 1 706.003 -2360.94 0.00866077 1
 1 -7315.87 -14148.7 0.00944332 1
 1 28630.8 -12500.7 0.000487601 1
 1 5102.82 -1836.92 0.0512864 1
 1 5325.18 22146.1 0.00275104 1
 1 -34211.1 754.21 0.0104317 1
 1 -3586.02 37132.9 0.00299903 1
 1 -58901.2 17048.7 0.00229616 1
 1 -12475.6 -11426.5 0.0143167 1
 1 -5942.01 -2578.05 0.00512526 1
 1 -5738.71 -5202.82 0.00100354 1
 1 8946.59 -4338.98 0.00016155 1
 2 8939.94 -4287.97 0.0221602 1
 1 8244.57 -3739.21 0.000185499 1
 3 8807.78 -4446.08 0.0515686 1
 1 -63144.5 11497.3 0.000816107 1
 1 -786.246 467.255 0.00716652 1
 3 782.209 489.691 0.00966901 1
 1 15256.6 43076.1 0.0111747 1
 1 -10827.9 -8095.19 0.00745213 1
 1 -9955.37 -15287.2 0.00440504 1
 1 -32031.8 -70963.2 0.00134492 1
 1 -5413.92 -15484.4 0.00012541 1
 1 32110.7 7479.58 0.00429707 1
 1 -1040.76 -3762.51 0.0210305 1
 1 157.111 -6933.3 0.0138368 1
 1 -2697.78 -1624.79 0.0124765 1
 1 698.116 215.439 0.0293772 1
 1 2103.72 1508.79 0.0350818 1
 1 -4918.42 2627.41 0.00368123 1
 1 -3801.07 -12733.6 0.000646475 1
 1 -2023.22 2762.57 0.00910124 1
 1 -1162.25 -19601.9 9.99504e-05 1
 1 -3495.08 9557.86 0.0119954 1
 1 -3133.55 9259.76 0.00150315 1
 1 -5461.02 9423.38 0.00229415 1
 1 -4315.47 10955.7 0.00155386 1
 1 -2862.52 14484.1 0.00330631 1
 1 14286 25149.2 0.000286133 1
 1 911.938 -167.731 0.0132568 1
 3 -35806.6 22903.9 0.00185299 1
 1 -142.059 229.299 0.0764887 1
 1 -604.309 -5731.44 0.043819 1
 1 -14014 13196.6 0.000328699 1
 1 -17162 10.4663 0.00103184 1
 1 -17527.7 2998.21 0.00056203 1
 1 -39189.9 20627.3 0.000197 1
 1 -28489.6 -4647.61 0.0133277 1
 1 7251.11 -15030.4 0.0015424 1
 1 -43511.5 -43853.8 0.00377229 1
 1 -309.352 12024.1 0.00322796 1
 1 10863.9 13718 0.00581915 1
 1 -11991.7 27014.2 0.000285233 1
 1 661.347 1890.55 0.00536609 1
 1 -4941.71 2930.27 8.62903e-05 1
 1 7687.68 2947.66 0.00817891 1
 1 -6430.13 -34631.6 0.0034666 1
 1 -8226.92 -1936.81 0.0175112 1
 1 -5761.73 -1173.8 0.0123458 1
 1 1341.21 -2165.32 0.0176834 1
 1 3701.15 -16733.5 0.000799531 1
 1 5954.05 2115.99 0.0542825 1
 1 851.748 17.3922 0.0367602 1
 1 5869.79 -9221.22 0.00258111 1
 1 5425.76 -1553.32 0.000965286 1
 1 15024.7 -32386.5 0.00080763 1
 1 -569.108 -4266.29 0.00129502 1
 1 -969.934 56744.1 0.00329336 1
 1 -3318.37 12226.6 0.000249482 1
 1 -12924.7 -3244.25 0.000494421 1
 1 -1267.7 -366.428 0.00140097 1
 1 4992.02 8522.12 0.000275142 1
 1 -592.541 249.078 0.139724 1
 2 841.182 2305.6 0.00309688 1
 1 234.662 2023.62 0.00139638 1
 3 -71.03 2075.54 0.00180291 1
 1 -255.314 2327.49 0.000454832 1
 3 -164.532 2384.7 0.00284934 1
 2 87.2331 2101.84 0.0186699 1
 1 -1758.28 1826.02 0.00840317 1
 1 38909.7 -11965.6 0.00202483 1
 1 32949 -5375.54 0.000445053 1
 1 -8190.17 2012.2 0.0162977 1
 3 23195.1 22884.6 0.000288117 1
 3 23621.8 22962 0.0146673 1
 1 -38590.3 -15676.5 0.000763998 1
 1 8.88999 -110.532 0.0867147 1
 1 -13709.6 10028.7 0.0376221 1
 1 -41497.4 13000.2 0.0074628 1
 1 19304.6 10417.1 0.0242148 1
 1 39179 -30236.5 0.000920308 1
 1 -46407.8 -23630 0.0035244 1
 1 -26121.8 9264.04 0.0248604 1
 1 17946.7 -16817 0.00418957 1
 1 41558.2 -48066.2 0.0038097 1
 1 -6260.22 -1372.74 0.242998 1
 1 86.6809 -7773.32 0.0166126 1
 1 -524.097 -1132.05 0.0930943 1
 1 -428.911 -1166.24 0.0190232 1
 1 -6693 -16827.6 0.00122745 1
 1 15015.9 -11933.5 0.00258824 1
 1 -9372.22 -11620 0.00361255 1
 1 -18591.1 -3797.55 8.48281e-05 1
 1 -3467.71 -7808.74 0.01979 1
 1 25790 8010.41 0.00105449 1
 1 -6711.15 -15012.6 7.88613e-05 1
 1 37428.6 4296.64 0.00188603 1
 1 5118.05 15223.2 0.00414715 1
 1 3720.4 -1820.32 0.00171865 1
 1 -10999.8 -36842.5 0.00703129 1
 1 -10313.2 4571.01 0.0384687 1
 1 11506.8 11819.7 0.017345 1
 1 -27907.2 3236.67 0.000415744 1
 1 3226.34 28007.7 0.0250327 1
 1 2426.94 26673.9 0.0274026 1
 1 -9165.48 -18395.4 0.000922993 1
 1 2500.88 -662.94 0.0012183 1
 3 2485.38 -510.829 0.000705953 1
 1 -1736.07 -12618.3 0.0161083 1
 1 -3548.41 -9519.76 0.000632878 1
 1 -15329 18187.9 0.00597978 1
 1 1101.98 1874.27 0.0150779 1
 1 30630 -34091.9 0.00289464 1
 1 -40007 -8513.89 0.00150815 1
 1 -55895 28471.4 0.00167544 1
 1 -54690.2 8235.29 0.00408775 1
 1 -48155.4 32845.4 0.0148204 1
 1 1838.74 -6335.66 0.00339201 1
 1 -2645.02 -211.582 0.0350741 1
 1 -7002.12 -2884.2 0.00340354 1
 1 10026.1 3124.52 0.0197055 1
 1 7425.24 22774 0.00849922 1
 1 -17295.9 15050.1 0.00121492 1
 1 39.5007 7395.81 0.0332897 1
 1 -13906 -14303.1 0.00643196 1
 1 14438.9 11124.2 0.000178036 1
 1 20456.2 10966.4 0.00021289 1
 1 13939.5 -2304.12 0.0397681 1
 1 -51687.9 -40762.3 0.0100444 1
 1 9341.67 1518.85 0.00492902 1
 1 4615.67 15145.1 0.00300517 1
 1 19611.4 9302.5 0.000260879 1
 1 18111.8 -11203.4 0.00119323 1
 1 14123.3 3053.85 0.0393124 1
 1 17020.5 -4212.45 0.000273 1
 1 62898.8 -85868.5 0.0105905 1
 1 -2554.33 25037.9 0.00614847 1
 1 15638.5 20664.5 0.00100232 1
 1 6760.38 22235.1 0.00392725 1
 1 42149.8 20223.7 0.00804048 1
 1 -3806.73 17579.1 0.00684334 1
 1 -12533 -17224.3 0.00682143 1
 1 -3994.03 7240.23 0.0159718 1
 1 -4267.57 7549.14 0.0289657 1
 1 -5752.69 7851.28 0.00941996 1
 1 -9111.05 13156.1 0.00076716 1
 1 -344.569 11406.4 0.010084 1
 1 -1195.72 8574.46 0.00176492 1
 1 -6008.25 1931.82 0.00357073 1
 1 -6063.67 1431.37 0.00333732 1
 3 -5900.19 1067.88 0.0383996 1
 1 -3442.71 3894.85 0.00895521 1
 1 -5823.93 4206.8 0.0289474 1
 1 -4066.26 5823.56 0.000607724 1
 1 -8416.05 4832.4 0.00329707 1
 1 4706.46 8862.66 0.00123398 1
 1 -6282.62 7500.06 0.000719162 1
 1 -2820.87 9093.42 0.00117054 1
 1 -3248.79 6484.58 0.0446187 1
 1 3730.1 -17271.6 0.000792046 1
 1 -17593.6 -4204.6 0.0190733 1
 1 -4731.04 -199.233 0.000357328 1
 1 3257 11248.8 6.15209e-05 1
 1 3748.14 11367.8 0.00536065 1
 1 2229.9 10983.6 0.000146184 1
 1 25459.8 -26362.8 0.000656786 1
 1 -1900.7 14352.3 0.00390199 1
 1 13934.6 -25830.8 0.0123346 1
 1 6151.48 11219.8 0.0434358 1
 1 19834.4 -7228.84 0.00210177 1
 3 -7130.04 6552.98 0.0113242 1
 1 -6801.31 2970.81 0.0562898 1
 1 39352.9 -12237.8 0.000604578 1
 3 40999.4 -11995.6 0.00415471 1
 1 -5028.51 581.009 0.0914632 1
 1 11553.4 -10928.3 0.00441589 1
 1 13600.3 21257.1 0.00661638 1
 1 -74578.9 79059.6 0.00896528 1
 1 48049 31266.4 0.00262181 1
 1 40224.5 24217.7 0.000912677 1
 1 -110.012 -37501 0.000339836 1
 1 -80732.5 -10870.9 8.18799e-05 1
 1 -1808.3 2363.97 0.0177358 1
 1 -76700.5 9864.66 0.00276897 1
 1 176511 -21618.9 0.00133317 1
 1 36984.2 -12577.2 0.00309418 1
 1 30317.7 32251 0.0288891 1
 3 -40243.2 -26361.8 0.00677591 1
 2 -40464.1 -26391.8 0.0213359 1
 1 23448.8 12170.8 0.0130331 1
 1 -8179.88 -14518.9 0.0123121 1
 1 28431.6 50429.2 0.0152886 1
 1 -35555.7 4579.99 0.000866271 1
 1 -13637.3 -3958.99 0.0207478 1
 1 -5011.14 1993.45 0.000299169 1
 1 11321.2 -310.171 0.000139264 1
 1 -2458.48 9637.57 0.000119864 1
 1 -6801.95 -8795.13 0.136378 1
 1 -17005.5 -5174.44 0.0114918 1
 1 -20948.1 -7147.56 0.0115307 1
 1 -24130.5 -4208.26 0.00103312 1
 3 -24420.4 -3222.91 0.00267312 1
 1 -32857 13859.4 0.0187134 1
 1 19305.5 22264.9 8.13171e-05 1
 1 20068.6 24097 8.94262e-05 1
 1 -740.633 47732.2 0.00572291 1
 1 -7132.25 -9223.42 0.000432737 1
 1 -9271.2 -6219.32 0.000360471 1
 3 -12460.9 -8816.89 0.00138788 1
 1 -11843.3 -8583.35 0.00465392 1
 1 -26322.8 -33097.4 0.00271685 1
 1 -17312.1 -3460.31 0.0198117 1
 1 -5326.77 -7348.1 0.000612742 1
 1 -30671.9 20498.3 0.0024574 1
 1 34671.8 -12893.7 0.00351966 1
 1 37553.8 753.875 0.000148114 1
 1 29775.7 -24185.7 0.000514812 1
 1 19390.6 -6995.07 0.00384689 1
 1 22012.4 -80.7928 0.0130915 1
 1 -18725.7 -52692.8 0.00320316 1
 1 5744.09 25650.5 0.00658696 1
 1 1813.28 -9241.66 0.00118849 1
 1 4534.56 -6698.44 0.00243336 1
 1 2760.48 -712.132 0.000120205 1
 1 -1358.32 -10208.1 0.00348192 1
 1 8749.63 -18235.9 0.00175087 1
 1 11343.2 -13146.3 0.00377406 1
 1 1504.52 -1294.03 0.00034906 1
 1 10278.6 -9151.33 0.00280984 1
 1 -58446.5 -30474.2 0.0014879 1
 3 -1552.98 -2027.67 0.00490779 1
 1 11113.6 2176.28 0.00672337 1
 1 -7474.14 -2064.9 0.000833717 1
 1 -2666.59 7955.85 0.000713027 1
 1 397.053 2821.82 0.00861249 1
 1 -322.668 10308.6 0.00357391 1
 1 -9524.69 -8618.1 0.00215116 1
 1 29104.9 -1348.71 0.000439667 1
 1 13334.4 1651.01 0.000707078 1
 3 13419.6 1669.76 0.0143693 1
 1 11078.1 5792.96 0.0204946 1
 1 4442.65 -20058.4 0.00931525 1
 1 3229.64 -2458.16 0.0363444 1
 1 9302.64 -36486.4 0.000662251 1
 1 349.555 -3392.52 0.00656035 1
 1 2428.92 3027.71 0.0321509 1
 1 35444.8 -18076.3 0.00152183 1
 1 13056.6 -41144.7 0.000288402 1
 1 529.495 1732.28 0.00100853 1
 1 202.627 2409.14 0.000153599 1
 1 1896.38 830.26 0.000614374 1
 3 3900.79 1331.72 0.00234689 1
 1 564.992 652.533 0.00365219 1
 1 552.217 685.537 0.0657674 1
 1 519.35 394.928 0.0134197 1
 1 533.083 323.996 0.000127297 1
 2 584.423 338.87 0.208837 1
 1 -900.417 724.026 0.00629099 1
 1 -1331.05 698.225 0.0972096 1
 1 -7104.86 -1167.19 0.00020566 1
 1 -336.974 3023.22 0.000159176 1
 1 -782.521 -95.7818 0.00211647 1
 1 -4785.91 -1702.4 0.00614391 1
 1 8196.84 -18920.6 0.002306 1
 1 -4627.6 -1481.86 0.117833 1
 1 19457.8 -6938.24 0.000658412 1
 1 -1374.33 -982.761 0.00499127 1
 1 1768.51 -2338.57 0.0506133 1
 1 824.559 -3305.85 0.000596563 1
 1 1890.4 -3481.41 8.07683e-05 1
 1 12170.2 -4621.49 0.0125399 1
 1 -18940.9 -47939.3 0.000467626 1
 1 1227.68 -2542.47 0.00076354 1
 1 1916.62 -3142.97 0.000511658 1
 3 2440.48 -2470.51 0.000695809 1
 3 2468.67 -2478.89 0.0231368 1
 1 -8670.59 -21572.2 0.000296552 1
 1 -716.67 -2415.36 0.0020645 1
 1 13571.1 1360.77 0.000188146 1
 1 3440.91 -1489.39 0.0106476 1
 1 3264.7 -1276.24 0.00497974 1
 1 3108.59 -1413.11 0.00239235 1
 1 -4672.55 -8260.66 0.000848999 1
 3 1805.01 -2278.73 0.0441295 1
 1 -7208.17 19730.7 0.0109122 1
 1 -15424.6 -1277.17 0.00902448 1
 1 -1051.66 -834.463 0.14647 1
 1 1091.17 -5870.47 0.000994456 1
 1 -22084.7 2590.19 0.0027401 1
 3 -23353.9 1612.17 0.00489401 1
 1 4848.89 8968.19 0.00296538 1
 1 4095.56 -34571 0.000311242 1
 1 -382.803 -1166.55 0.0225899 1
 1 289.595 665.692 0.000247019 1
 1 295.757 6547.75 0.00159066 1
 1 -5098.52 3580.2 0.0168544 1
 1 -11716.2 -8580.98 0.00128608 1
 1 -21647.3 -2242.89 0.00232572 1
 1 -36751.6 -59763.1 0.00103554 1
 1 5574.99 -3773.61 0.0105487 1
 1 -30292.1 -27378.2 0.0160272 1
 1 -21431.4 -10789.3 0.00831408 1
 1 -59.4132 -7666.57 0.00244656 1
 1 -13121.2 -2925.45 0.015191 1
 1 11697.7 24956.5 0.00622986 1
 1 2708.66 -5.66724 0.00825343 1
 1 9991.82 15597.5 0.00992912 1
 1 -10436.2 -32732.2 0.00492176 1
 1 -5672.91 -9529.12 0.0522582 1
 1 -27592.5 -38420.1 0.000580598 1
 1 5909.72 -2167.09 0.0181213 1
 1 7470.88 10427.8 0.00289963 1
 1 -11991.2 -86.1219 0.00200487 1
 1 -16921.8 -7738.52 0.00187668 1
 1 4301.28 26489 0.044053 1
 1 -12469.6 15353.1 0.0136706 1
 1 -9754.2 11205.8 0.00030431 1
 1 -8427.8 -1285.73 0.0178257 1
 1 -9362.92 -1547.99 9.44897e-05 1
 1 -7699.13 -3122.47 0.000105762 1
 3 -6636.1 -2021.88 0.0291867 1
 1 -24321.8 -3794.18 0.00114287 1
 1 -3490.52 4922.33 0.0056171 1
 1 3133.18 1570.31 0.0224254 1
 1 6276.24 -7101.76 0.00682504 1
 1 23423.8 7554.26 0.000744283 1
 1 20995.3 7873.87 0.00026043 1
 1 21259.9 -5129.55 0.00483923 1
 1 6445.67 -7672.84 0.0307604 1
 1 -14663.4 17008.7 0.0171152 1
 1 -19627.3 -3207.7 0.0303897 1
 1 -472.396 282.775 0.0194641 1
 1 -5400.04 2486.85 0.0245045 1
 1 -13427 -2325.47 0.00062209 1
 1 -35516.4 -30360.4 0.00154588 1
 1 -50443.3 103994 0.000686742 1
 1 29770.5 -13343.5 0.029789 1
 1 -32972.7 43916.4 0.0263187 1
 1 34332 -13039.2 0.00905618 1
 1 -39230.3 -31489.8 0.000657591 1
 1 -15626.5 -24955.8 0.00251225 1
 1 -15852.8 -27170.4 0.000177063 1
 1 -14170.5 25216.7 0.00168516 1
 1 -31472.9 -9843.83 0.0021019 1
 1 -22447.1 -5079.3 0.000736628 1
 1 -11455.3 9536.52 0.0262468 1
 1 15054.1 12209.1 0.000495886 1
 1 449.377 -24616.7 0.115806 1
 1 2584.42 -976.476 0.012477 1
 1 34532.6 -10434.4 0.00918493 1
 1 53987.6 7564.32 0.00515108 1
 1 -33889.9 23186.1 7.34505e-05 1
 1 23471.4 -14618.3 0.0065147 1
 1 -30165.3 -3774.82 0.0223272 1
 1 2628.65 1361.51 0.0355 1
 1 -5181.44 8141.81 0.187807 1
 1 -22104.8 8351.06 0.00254963 1
 1 -398.903 -3037.35 0.0036196 1
 1 706.048 234.414 0.0281008 1
 1 -19272.3 -10979.7 0.000188168 1
 1 2912.52 2621.42 8.19471e-05 1
 1 -1686.32 2908.05 0.000599867 1
 1 -3695.23 -1776.59 0.00750756 1
 1 -6308.06 4405.65 0.000200515 1
 1 -8753.34 -3777.17 0.00684302 1
 1 17319.2 -61362.8 0.0126898 1
 1 -25750.6 35806.2 0.00022007 1
 1 -39862.3 810.274 0.00433107 1
 1 176.831 24752.5 0.0223985 1
 1 -48324 38689.6 0.0205212 1
 1 9319.26 8627.58 0.00242633 1
 1 14547.5 -5878.7 0.0231382 1
 1 -23167 -13729.2 0.0015655 1
 1 49310.4 24454.9 0.00192375 1
 1 21335.7 7439.65 0.000640975 1
 1 18017.5 12046.5 0.000137459 1
 3 18322.7 10477.1 0.00370704 1
 1 -40859.1 -20235.3 0.00857556 1
 1 -2197.71 26698.5 0.0140967 1
 1 -21693.4 -21801.9 0.00493356 1
 1 -3240.35 13994.7 0.00254016 1
 1 2947.29 12508.5 0.0391767 1
 1 -17769.7 -6522.3 0.000693982 1
 1 58429.1 -5122.44 0.00128619 1
 1 61216.4 -1296.78 0.00028559 1
 1 43789.8 8251.66 0.000748209 1
 1 95654.5 7769.24 0.0170481 1
 1 -37467.1 1530.42 0.00379126 1
 1 -22995.4 -42130.9 0.0404607 1
 1 19965.4 -4810.11 0.00613526 1
 1 1294.83 -8496.18 0.0546818 1
 1 586.382 -549.813 0.0169508 1
 1 -23898.5 20659.5 0.00313046 1
 1 611.86 123.977 0.0221211 1
 1 48724.5 29014.7 0.00107271 1
 1 11937.6 -13858.5 0.000227242 1
 1 -22846.4 -5967.95 0.0423877 1
 1 -7336.41 1526.56 0.000719646 1
 1 -2448.1 -2262.1 0.0155751 1
 1 30966.4 41902.9 0.00829301 1
 1 5456.53 -23019.3 0.000110432 1
 1 -14842.9 11248.5 0.00361587 1
 1 27411.7 112.504 0.0272539 1
 1 -6641.74 2312.94 0.00696347 1
 1 14706.1 -18880.7 0.000686295 1
 1 -6239.47 3285.16 0.00184429 1
 1 -17493.4 20741.1 0.00493481 1
 1 9124.19 1051.82 0.0230669 1
 1 35970.3 8756.68 0.000321001 1
 1 -75283.4 774.069 0.00105476 1
 1 -33836.1 -3794.37 0.000616093 1
 1 115.32 18.6414 0.0161997 1
 3 -42.0393 4.76766 0.00101953 1
 1 -110.01 -325.376 0.00085313 1
 1 96.8542 -217.884 0.0039441 1
 1 3839.92 -24715.7 0.0402732 1
 1 16296.7 -4851.51 0.00625141 1
 1 98974.2 21133.3 0.00240344 1
 1 -6816.14 -46429.8 0.00528319 1
 1 35948.9 -57368.9 0.00797513 1
 1 1092.15 3013.78 0.0158391 1
 1 -5143.99 1535.31 0.00253739 1
 1 -1606.74 3128.12 0.000609834 1
 1 -1774.26 3202.78 0.000402539 1
 1 -2538.38 415.089 0.00362593 1
 1 -1533.36 2482.06 0.0265314 1
 1 6285.44 7446.97 0.0422206 1
 1 8810.85 12546.6 0.0734148 1
 1 6839.06 10874.7 0.0414057 1
 1 20453.3 9299.71 0.0036114 1
 1 17376.2 2887.19 0.00563564 1
 1 22133.5 5594.57 0.0818619 1
 1 -7378.38 1844.25 0.0392559 1
 1 -7958.31 -17531.2 0.000247901 1
 1 11660.8 24141.7 0.00155054 1
 1 -10031.7 11436.9 0.0109782 1
 1 -18096.8 27812.9 0.00110236 1
 1 44920.7 -1201.31 0.000737787 1
 1 -4405.72 13481.6 0.00571479 1
 1 -1889.98 -7394.74 0.0103167 1
 1 -1194 -4385.19 0.0484078 1
 1 15821.7 -5821.7 0.0199626 1
 1 16417.2 -4809.61 0.00100989 1
 1 -1104.41 9628.7 0.0075756 1
 1 2402.39 -1279.94 0.100535 1
 1 -1273.82 8868.12 0.0134102 1
 1 -3140.02 1894.19 0.0638446 1
 1 -1186.9 -5442.65 0.0384335 1
 1 -5933.8 -51925.4 0.00335469 1
 1 -13880 -45791.8 0.00108081 1
 1 -11714.9 -40675.2 0.00431986 1
 1 -2552.42 2129.58 0.0020573 1
 1 -2417.47 1595.8 0.0101466 1
 1 -2736.67 1770.73 0.0152045 1
 1 -2580.06 1892.32 0.00067066 1
 1 -2644.71 1935.94 0.00177237 1
 3 -2638.22 1940.62 0.0325707 1
 1 -2645.87 1908.37 0.0622426 1
 1 -9633.22 541.385 0.00951406 1
 1 2415 -9892.62 0.0103993 1
 1 -37751.1 -17814.9 0.00260074 1
 1 -1845.69 -30303.4 0.00385514 1
 1 6423.49 -2754.18 0.00101917 1
 1 762.374 -2382.99 0.00108056 1
 1 -4609.31 -5134.9 0.0179248 1
 1 13236.3 5643.92 0.0137828 1
 1 -5097.28 -20492.6 0.0102532 1
 1 5454.52 10.1847 0.000742983 1
 1 5189.1 74.4727 0.000510999 1
 1 5447.27 615.577 8.36076e-05 1
 3 5430.08 613.162 0.0185018 1
 1 -14351.2 -3030 0.000628683 1
 1 5197.84 -1267.02 0.000404979 1
 1 -9116.38 7332.63 0.00418224 1
 1 6803.71 5549.72 0.0148907 1
 1 6350.67 6316.05 0.00931383 1
 1 3091.52 6383.84 0.00368327 1
 1 3634.1 5567.92 0.00530292 1
 1 -453.837 1251.78 0.00762361 1
 1 10254.3 -2066.01 0.00184442 1
 1 8181.36 -5071.65 0.000103687 1
 1 3298.66 439.456 0.000725768 1
 1 -1083.93 1462.3 0.000128902 1
 1 16064.5 1319.65 0.00441886 1
 1 17013.5 3307.34 0.00931621 1
 1 25421.9 -21039 0.000786121 1
 1 18947.5 2061.59 0.00304835 1
 1 1462.62 -2491.46 0.0855963 1
 1 5364.16 -6994.9 0.0262818 1
 1 1039.21 -6528.25 0.00957477 1
 1 -11052.5 17133.9 0.000333168 1
 1 -7764.49 -16079.4 0.0240177 1
 1 10665.5 -18169.8 0.00258673 1
 1 193.755 -1576.42 0.00195939 1
 1 -913.511 -1028.1 0.00276611 1
 1 3365.73 1556.81 0.0168154 1
 1 140.889 -2614.28 0.0162807 1
 1 8751.27 -17132.2 0.00156304 1
 1 8478.01 -17076.9 0.000242148 1
 3 8476.65 -17081.8 0.00748064 1
 1 3286.24 14909.1 0.00706625 1
 1 9508.14 -3159.17 0.00189728 1
 3 2241.82 -885.326 0.00341297 1
 2 1930.46 -1206.2 0.0171783 1
 1 4097.23 170.717 0.00815957 1
 1 12365.4 2823.42 0.00452234 1
 1 4198.21 -16368.7 0.000961774 1
 1 -18467.2 340.462 0.00230214 1
 1 -30447.9 10740.4 0.00035207 1
 1 4775.4 -26.1991 0.00029372 1
 1 3815.89 1165.37 0.0110643 1
 1 -7385.66 8666.53 0.0339033 1
 1 -24646.9 -5392.96 0.00239077 1
 1 11466.8 10161.5 0.0273865 1
 1 2690.51 -1092.16 0.0180071 1
 1 5869.81 1618.43 0.00119299 1
 1 -29490.7 -7830.52 0.0019754 1
 1 15603.8 38079.8 0.00456064 1
 1 19160.1 19672.8 0.0143595 1
 1 14512.5 11548 0.00326872 1
 1 14531.7 11543 0.00216144 1
 3 14707.3 12013.9 0.00193253 1
 2 14529.9 11542.3 0.092915 1
 1 -2297.74 3530.71 0.0114658 1
 1 271.969 26710.6 0.00322492 1
 1 -3121.69 36806.7 0.000993316 1
 1 -2292.82 27220.5 0.00186143 1
 1 -409.063 12428.9 0.0030072 1
 1 6151.3 5451.5 0.000839591 1
 1 4079.74 8215.71 0.0104263 1
 1 5700.25 54.4854 0.0208824 1
 1 7600.46 3561.35 0.0371687 1
 1 30549.6 -22456.6 0.000914024 1
 1 974.563 -1521.71 0.0838372 1
 1 2531.61 -2971.74 0.0750315 1
 1 -36091 60971.1 0.000277205 1
 1 -1934.71 -10422.8 0.00461756 1
 1 4423.11 -12980.1 0.00020692 1
 1 -3039.71 -11907 0.000775135 1
 1 -9818.05 -12099 0.000251071 1
 1 -4326.63 -12256.9 6.7106e-05 1
 3 -4355.78 -12103.9 0.00451296 1
 3 -4139.12 -11329.9 0.00171146 1
 3 -3698.57 -11307 0.000798923 1
 1 17456.8 -1405 0.0135608 1
 1 3536.8 -4857.84 7.27162e-05 1
 1 13811.7 15765 0.000354556 1
 1 -2502.99 -2200.87 8.94906e-05 1
 1 -2305.67 -15705.3 8.71872e-05 1
 1 -4728.57 -15596.8 0.000280971 1
 1 -4616.86 -15441.1 0.000771047 1
 2 -4616.48 -15440.3 0.025799 1
 1 -1646.79 1283.56 0.0161159 1
 1 -8749.67 -12318.8 0.0029775 1
 1 604.054 -997.652 0.020948 1
 1 -18397.7 27393.3 0.00215741 1
 1 -20855.7 -11142.9 0.00516119 1
 1 -9736.63 -4429.67 0.0551947 1
 1 -745.164 62.445 0.000857063 1
 3 -2492.52 -250.718 0.0529988 1
 1 -6632.32 9634.68 0.0016835 1
 1 -271.335 6913.99 0.00483883 1
 1 5143.45 -10923.7 0.00473077 1
 1 8233.24 -49.0334 0.0150141 1
 1 630.774 -5906.5 0.0457118 1
 1 -10608.6 -8824.8 0.000853191 1
 1 -13427.4 -8303.57 0.0156584 1
 1 -2331.97 -9295.51 0.00154579 1
 1 -9328.88 -845.436 0.00167714 1
 1 -35257.4 10989 0.00156406 1
 1 -9425.02 -6847.16 0.0276708 1
 1 6967.68 4953.75 0.000178711 1
 1 -380.767 -3172.78 0.0103534 1
 1 -336.534 -3224.28 0.000186047 1
 2 -306.907 -3273.81 0.0254819 1
 3 -946.823 -3234.85 0.0547972 1
 1 -20217.8 15157.1 0.00145062 1
 1 3049.5 1484.66 0.0155963 1
 1 11475.8 -40313.9 0.000225118 1
 1 4456.18 4080.76 0.000566084 1
 1 4751.83 -17424.2 0.00521909 1
 3 4558.13 -17200.3 0.00994592 1
 1 -11212.9 -17244.8 0.0344606 1
 1 2978.9 -2746.23 0.0652196 1
 1 -1297.96 -3190.62 0.00258328 1
 1 -3627.57 -575.19 0.00246477 1
 1 -35026.6 59081.3 0.00201835 1
 1 12087 -7826.21 0.00619578 1
 1 2233.25 -12076.6 0.027212 1
 1 -20088.2 -23221.2 0.00530352 1
 3 -31.2725 -560.212 0.00609096 1
 1 -53.6012 -523.453 0.00200739 1
 2 -54.6629 -526.372 0.0340195 1
 1 11645.5 31527.6 0.00387557 1
 1 20191.8 6348.9 0.00937293 1
 1 561.522 -13609.4 0.00761503 1
 1 6330.53 -75403.1 0.00115443 1
 1 5203.07 -5093.04 0.0478602 1
 1 -6198.64 -7.72353 0.0583008 1
 1 3597.41 -5504.39 0.0139439 1
 1 -10255.7 14852.4 0.00455525 1
 1 9776.31 37030.1 0.0253469 1
 1 6883.15 29593.4 0.00757893 1
 1 -9636.13 -5146.49 0.00584182 1
 1 -14281.7 17506.5 0.0403112 1
 1 -5681.04 -11344.5 0.0717447 1
 1 -44569.7 -25200.5 0.00682174 1
 1 -16425 180.444 0.00770008 1
 1 -15095.2 3507.51 0.00111431 1
 1 -10312.6 3419.67 0.00654632 1
 1 -10387.1 5945.18 0.0134981 1
 1 -7663.26 208.614 0.000308373 1
 1 1447.31 -5787.27 0.0405006 1
 1 7753.22 -7656.08 0.120748 1
 1 -9545.2 7020.45 0.00194635 1
 1 -5934.12 20050.5 0.000197918 1
 1 -10496 -1192.75 0.015165 1
 1 -17376.5 1753.15 0.0184644 1
 1 9727.63 7228.21 0.000155145 1
 1 -3391.77 -13936.6 0.00137111 1
 1 -3944.79 20915.3 0.00277775 1
 1 -1503.09 536.356 0.0764387 1
 1 -7762.09 8027.04 0.00608419 1
 1 15803.3 40125.1 7.77155e-05 1
 1 -5669.7 4344.31 0.0013474 1
 1 -3226.85 7235.62 0.00505716 1
 3 7475.42 19296.5 0.000937247 1
 1 7393.71 19299.9 0.00216275 1
 1 12557.6 5123.92 0.000329539 1
 1 27528.7 -46461.3 0.000784365 1
 1 24575.9 3643.35 0.000764542 1
 1 5167.83 2489.16 0.0912148 1
 1 6266.49 3363.64 0.0458013 1
 2 5310.6 3445.32 0.0644995 1
 1 -16551.8 11772.9 0.0114238 1
 1 -4363.32 -13698.8 0.000299298 1
 1 -2699.98 4101.7 0.0863382 1
 1 -2469.53 4720.5 0.00171392 1
 1 -3564.56 3515.54 0.0164424 1
 1 -3764.42 3501.45 0.00368948 1
 1 -2096.69 5469.51 0.000111809 1
 1 -3897.7 3872.22 0.000892345 1
 2 -3400.65 3086.37 0.0352593 1
 1 5804.27 2283.56 0.000894454 1
 1 -58822.4 50329.2 0.000430041 1
 1 10093.1 2331.86 0.000609913 1
 3 10980.8 2611.28 0.0110775 1
 1 6870.05 1073.87 0.00223626 1
 1 5791.95 290.112 0.00891412 1
 3 5009.07 1462.27 0.00443881 1
 1 12773.2 1593.16 0.000287617 1
 1 -25266.1 2561.38 0.00173712 1
 3 -25393.9 2637.76 0.00158734 1
 1 2312.63 -4513.9 0.0493134 1
 1 3346.49 -3438.48 0.00182062 1
 1 2720.4 -3141.63 0.00201426 1
 3 3652.21 -3722.31 0.00274422 1
 1 3415.16 -3779.71 0.00505176 1
 1 -1517.71 -24478.2 0.000202456 1
 1 4636.73 -1695.76 0.00668972 1
 1 3707.14 -1051.5 0.036178 1
 1 2533.51 1137.76 0.000330111 1
 1 2542.72 1395.17 0.000230256 1
 2 2596.11 1110.72 0.0165224 1
 1 -15419.8 -13851.3 0.00387763 1
 1 -12337.8 -2056.3 0.000182901 1
 1 -11674.5 -2256.47 0.0129584 1
 1 -9786.44 -948.943 0.000159728 1
 1 -9786.12 -900.317 0.0302785 1
 1 -9831.84 -901.427 0.0125625 1
 3 -9677.75 -814.5 0.0111686 1
 1 -9606.03 -1110.39 0.00421643 1
 1 -9532.21 -1105.17 0.00523496 1
 1 -9366.74 -1356.61 0.0814347 1
 1 -8728.6 -2035.77 0.00192628 1
 1 -8929.45 -1476.06 0.000399977 1
 1 -8798.68 -1568.33 0.0025921 1
 1 -8756.08 -1593.7 0.00011232 1
 1 -8780.97 -1579.96 0.0439257 1
 3 -8782.03 -1565.05 0.0471387 1
 1 -3114.81 -32837.3 0.039598 1
 1 13136.9 -10938.2 0.0346062 1
 1 9270.62 -4626.13 0.00290306 1
 1 12847.1 21648 0.000416889 1
 1 21919.7 13819.3 0.00196207 1
 1 14963.4 14128.2 0.0100508 1
 1 20250 -30469.2 0.000200465 1
 1 -72974.6 -34073.4 0.0123566 1
 1 1653.28 -13677 0.00680607 1
 1 8316.11 2663.32 0.0110645 1
 1 -39542.7 -35232.1 0.0034158 1
 1 -23472 -36478.6 0.000508851 1
 1 -23331.6 -4802.42 0.00599134 1
 1 -1822.81 -18918.8 0.000263833 1
 3 -2049.05 6978.08 0.00326046 1
 1 4458.1 -11613 0.00606482 1
 1 -37531.8 -16102.5 0.00472345 1
 1 686.187 1427.68 0.0523084 1
 1 -6108.7 -26835.1 0.00140927 1
 1 51843.8 -21990.5 0.00413177 1
 1 29945.6 9515.25 0.00263663 1
 1 19926.8 29452.4 0.00276236 1
 1 -10751.8 -13702.9 0.0381278 1
 1 -24857.5 -13652.2 0.0405743 1
 1 8545.58 29146.4 0.000291274 1
 1 17495.3 35663.1 0.000446101 1
 1 7335.82 -28573.4 0.000588062 1
 1 41612.2 37086.4 0.0115209 1
 1 -5760.59 -14551.4 0.000459802 1
 1 -7638.41 -11297 0.00253716 1
 1 -5094.76 40617 0.0358212 1
 1 4820.73 11780.8 0.0237561 1
 1 2904.17 22377.1 0.03631 1
 1 26498.7 13158.9 0.00836538 1
 1 13896 -7788.19 0.000698508 1
 1 -5174.08 -5112.84 0.0135915 1
 1 53015.3 41600.3 0.0239809 1
 1 -20.9738 1540.23 0.00104577 1
 1 -1468.6 -4320.71 0.000378958 1
 1 -109.894 -4384.71 0.0420151 1
 1 136.843 -4092.78 0.0314916 1
 1 -1037.71 -5023.58 0.00127025 1
 3 -2.74419 -4021.88 0.0184717 1
 1 3624.36 -9646.56 0.00331461 1
 1 3416.6 -7398.22 0.0108754 1
 1 -12924.7 -57271.9 0.00387541 1
 1 -25872.7 17205.4 0.0272437 1
 1 -197.229 -3505.78 0.00477885 1
 1 -19746.5 -3983.56 0.000224821 1
 1 -17152.2 -12451.5 0.000436648 1
 1 2276.98 -19256.9 0.0190318 1
 1 6061.58 23199 0.0191325 1
 1 8477.41 1595.05 0.0377989 1
 1 11066.2 -1811.06 0.011101 1
 1 14952.2 -6291.72 0.00191567 1
 1 12588.4 -7653.89 0.000555228 1
 1 8537.78 4017.26 0.00668531 1
 1 46351.5 15794.2 0.00566792 1
 1 64152.6 -11518.2 0.00025326 1
 1 -14221.3 -18057.5 0.0260587 1
 1 -38076.6 -26150.5 0.000261356 1
 1 -22163.7 -67836.3 0.00159815 1
 1 14085.2 7527.19 0.00517325 1
 1 16588.7 8584.85 0.0704034 1
 1 8936.01 -13817.4 0.00816986 1
 1 12581.8 -23087.9 0.0174454 1
 1 14050.8 -8910.65 0.0380787 1
 1 -17820.3 -953.396 0.0109542 1
 1 -6894.85 -1006.99 0.14014 1
 1 -9427.19 -14318.9 0.000687888 1
 1 1125.17 -16872.2 0.000920282 1
 1 -42450.8 -37642.6 0.000103491 1
 1 18513.9 43124.5 0.0053862 1
 1 69511.2 -2137.91 0.0012474 1
 1 -10487.3 -31207.8 0.00746016 1
 1 -45.9716 832.118 0.0129453 1
 1 -631.15 4886.73 0.00278719 1
 1 5861.92 2266.72 0.0127899 1
 1 2947.31 4602.96 0.0194746 1
 1 2485.28 7722.74 0.00127053 1
 1 4984.83 15957.3 0.00764849 1
 1 10010.9 -1101.71 0.00136657 1
 1 -24153 3468.81 0.000704471 1
 1 -5707.06 43.8017 0.0304699 1
 1 -7699.11 -993.774 0.00757177 1
 1 -7430.3 499.973 0.0303224 1
 1 -7242.23 5846.21 0.00324012 1
 1 -5486.41 2684.1 0.0170825 1
 1 -9535.86 4787.3 0.00222573 1
 1 -9753.03 4818.83 0.00324944 1
 3 -9760.53 4819.31 0.0194158 1
 1 4418.13 9766.55 0.000397993 1
 1 -1439.9 12467.2 0.000198482 1
 1 -17156.4 -13297.7 0.00546205 1
 1 -2328.75 -5151.51 0.0183398 1
 1 2893.59 -14159.3 0.0802744 1
 1 -10198.3 -5382.19 0.00157116 1
 1 3775.75 17394.8 0.0138793 1
 1 -67705.4 34054.4 0.00357223 1
 1 -14726.8 16150.4 0.00505553 1
 1 842.36 -25000.7 0.00086376 1
 1 24211.4 -16633.3 0.0307243 1
 1 7066.36 -2940.67 0.0313829 1
 1 4479.54 -4076.31 0.000568762 1
 3 1702.66 -3525.16 0.591156 1
 1 -14784.2 -712.295 0.0102801 1
 1 -2653.53 -5804.29 0.00655132 1
 1 -18767.5 -94422.5 0.0028314 1
 1 6340.19 -9588.86 0.00183783 1
 1 1962.83 -5476.48 0.00454869 1
 1 -2101.44 532.867 0.0112331 1
 1 -3178.06 -1926.98 0.000891359 1
 1 -6373.57 2920.79 7.43417e-05 1
 2 -7809.03 -1227.11 0.0189207 1
 1 2218.72 -5285.84 0.14755 1
 1 -13502.9 3964.98 0.000897595 1
 1 -1615.75 -10128.3 0.0529207 1
 1 -3765.87 -14914.2 0.00718971 1
 1 -30953.7 16085.1 0.00384633 1
 1 2404.22 -3299.25 0.00226625 1
 1 -1663.6 -13734 0.000125154 1
 1 5730.09 3017.68 0.000123653 1
 1 8360.73 -5653.91 0.00121206 1
 1 -5426.19 -6525.76 0.0417502 1
 1 -7444.62 5895.33 0.000320872 1
 1 13938.3 -6454.89 0.00783342 1
 1 34520.2 -24542.2 0.00199358 1
 1 35638.1 -27546.3 0.00519655 1
 1 20308.8 -12864.9 0.00114375 1
 1 10504.7 -473.015 0.0764914 1
 1 8688.96 12096.3 0.000227671 1
 1 12616.1 1198.1 0.00134999 1
 1 6226.54 -7532.52 0.00417413 1
 1 4035.2 -4962.01 0.00269846 1
 1 96354.6 67587.5 0.0121899 1
 1 -31108.2 -46899.7 0.00355226 1
 1 -12973.7 -23445 0.00631197 1
 1 3318.92 -1556.18 0.0106463 1
 1 21007.9 16130.2 0.000384478 1
 1 -26347.7 -1889.75 0.0159046 1
 1 -4045.71 -13290.1 0.0100328 1
 1 8457.48 -8448.22 0.00032231 1
 1 6830.54 -7440.17 0.00120705 1
 1 1121.44 -4463.22 0.00632209 1
 1 1452.47 -4870.64 0.000113174 1
 1 1179.62 -4489.48 0.000109591 1
 1 1529.66 -7333.22 0.000357802 1
 2 943.495 -4315.73 0.0156794 1
 1 1115.85 -4240.12 0.0360234 1
 1 4004.51 -12800.7 0.00059017 1
 1 581.791 6287.65 0.0906473 1
 1 841.081 6369.53 0.020261 1
 1 1818.15 4683.51 0.00855678 1
 1 4130.88 10594.6 0.000321329 1
 1 -9851.09 19000.7 0.000743484 1
 1 -488.191 4470.49 5.07517e-05 1
 1 7432.8 -6036.17 0.000637824 1
 1 7215.55 -6591.86 0.00209602 1
 1 7164.46 -6538.08 0.00228839 1
 3 7536.84 -5784.7 0.00153405 1
 1 -15983.2 -1337.72 0.000618368 1
 1 -21499.1 22553.9 0.005669 1
 1 -2543.95 348.96 0.0363284 1
 1 1473.88 -6367.74 0.0229689 1
 1 -2107.15 -15303.5 0.00511666 1
 1 -7852.42 12914.8 0.00188629 1
 1 -24202.2 18385.7 0.000205271 1
 1 2449.47 12135.9 0.00344261 1
 1 -2569.37 14186 0.000224741 1
 1 4997.82 16618.8 0.0133792 1
 1 35487.8 913.068 0.00448929 1
 1 2577.46 -6906.67 0.000924352 1
 1 10385.8 6037.52 0.00024748 1
 1 1969.62 -3954.52 0.00326072 1
 1 3360.47 956.004 0.0110271 1
 1 -538.38 1404.86 0.149461 1
 1 859.885 29.7986 0.00794246 1
 1 2350.56 -1829.62 0.0219138 1
 1 -22610.6 -83.2584 0.00268562 1
 1 4291.33 5108.78 0.048036 1
 1 6493.79 -7887.7 0.00954961 1
 1 268.75 -2043.83 0.0442272 1
 1 -7355.44 5511.06 0.00164404 1
 1 18428.7 33334.9 0.0002063 1
 1 6820.01 -5591.4 0.00051824 1
 1 7331.66 -13169.7 0.00064246 1
 1 10316 17163.3 0.00280904 1
 1 -62240.6 -31173.2 0.0989947 1
 1 -1382.04 -1396.17 9.65678e-05 1
 1 1064.27 2175.57 0.00246736 1
 3 1035.1 2206.95 0.114586 1
 1 5933.57 -7687 0.0530563 1
 1 11858.9 -25048.9 0.000834883 1
 1 7188.27 -28050.3 0.00569437 1
 1 13888.3 17803.1 0.0289227 1
 1 138.271 -1399.28 0.0404161 1
 1 -178.407 -2760.4 0.0154326 1
 1 -3106.74 -9434.36 0.0167351 1
 1 38728.9 8095.18 0.00527938 1
 1 1939.38 -275.08 0.0249437 1
 1 31205.2 4209.93 0.0019995 1
 1 29670.6 -18556.1 0.0104076 1
 1 -5219.82 -2451.68 0.000624904 1
 1 4136.17 -920.514 0.0597595 1
 1 -18371.4 -35861 0.0256848 1
 1 8239.86 14000.1 0.000573141 1
 1 8391.69 12951.4 8.3914e-05 1
 1 9266.46 14245 0.000334275 1
 1 -18205.2 17847.1 0.0242774 1
 1 -6280.91 2720.14 0.023289 1
 1 22933.8 12667.7 0.00720274 1
 1 40254.2 -5325.87 0.00166202 1
 1 -14004.9 -14035.5 0.0102955 1
 1 -1787.6 515.932 0.155502 1
 1 -19506.7 -9581.36 0.00610038 1
 1 1225.84 3671.85 0.0225336 1
 1 -38019 9655.84 0.022705 1
 1 -16592.2 -271.832 0.00231388 1
 1 -6027.06 3362.9 0.000184102 1
 1 23478.5 -17090 0.00312636 1
 1 -40165.4 11986 0.0132205 1
 1 -43719.2 23556.2 0.00587083 1
 1 -13496.1 23377.9 0.00742414 1
 1 6454.36 2534 0.0152549 1
 1 24686.7 -14388.5 0.00114861 1
 1 11146.4 -3114.17 0.00580339 1
 1 9746.31 14837.7 0.000400418 1
 1 -1704.79 2248.87 0.0798088 1
 1 -9761.44 -2533.57 0.00210988 1
 1 346.924 905.268 0.00199468 1
 3 346.004 904.271 0.0342638 1
 1 340.704 907.186 0.00478836 1
 2 340.452 904.519 0.0582361 1
 1 4277.05 -8440.51 0.0145346 1
 1 15776.7 -8176.32 0.00990534 1
 1 4266.14 -3204.7 0.00154279 1
 1 -9996.81 -13035.7 0.000900122 1
 1 -850.783 280.339 0.104358 1
 1 3897.5 -2812.55 0.0451773 1
 1 -19676.5 -6294.02 0.000825787 1
 1 -5837.96 19904.3 0.00311604 1
 2 -1618.2 4615.64 0.016874 1
 1 -1521.6 4776.62 0.00181832 1
 3 -1551.93 4880.75 0.0473595 1
 1 4283.26 -25692.7 0.00230464 1
 1 32489.1 11947 0.00602103 1
 1 5716.46 17110.2 0.000268813 1
 1 2137.5 2612.28 0.0369036 1
 1 -1750.72 -9725.06 0.000581476 1
 1 12399.6 3060.36 0.00130933 1
 1 3605.82 10707.1 0.00228091 1
 1 5283.11 968.408 0.0132034 1
 1 6023.7 -2687.65 0.00494416 1
 1 15481.5 13534.9 0.00298896 1
 1 20339.9 51757.6 0.000310811 1
 1 29680.3 -31382.9 0.000351512 1
 1 2055.68 4342.69 0.0146832 1
 1 -143.675 6771.08 0.000383952 1
 1 1739.25 5380.12 0.00106317 1
 1 3122.6 4099.64 0.0109182 1
 1 12315 7813.57 0.000400053 1
 1 3988.67 7046.88 0.000998244 1
 1 2637.05 3635.88 0.00981877 1
 1 -5250.07 2797.85 0.00124183 1
 2 -18254.8 2524.1 0.00309124 1
 1 4573.72 -6773.24 0.0356858 1
 1 23173.8 -3412.73 0.00996392 1
 1 6965.17 -1198.02 0.0374062 1
 1 1873.5 -2042.8 0.0195892 1
 1 -28907.8 20740.1 0.000427092 1
 1 -13617.5 -8383.53 0.000659615 1
 1 7486.18 -6422.34 0.00208522 1
 1 8728.11 -1164.79 0.0131826 1
 3 15221.4 -2093.78 0.0013978 1
 1 15231.7 -2152.49 0.00777 1
 1 -2811 6550.43 0.00280962 1
 1 -6452.28 7425.52 0.000585122 1
 1 43671.8 34532.7 0.00239752 1
 1 -5023.91 -2172.19 0.00548797 1
 1 -7225.51 -199.731 0.00116484 1
 1 -2725.67 -1983.48 0.0077955 1
 3 -2466.59 -1926.86 0.0225409 1
 1 -1746.75 -735.481 0.00378422 1
 1 -4218.73 894.556 0.00682845 1
 1 2321.17 16601.6 0.00331927 1
 1 -14010.7 -12519.6 0.000256857 1
 1 24636.4 -10232.8 0.0059456 1
 1 4378.72 -1486.56 0.00129264 1
 1 -1203.51 -466.766 0.00661818 1
 1 -25519.7 8255.87 0.00122763 1
 1 -4914.43 2683.72 0.000598093 1
 1 19303.8 -9147.47 7.30234e-05 1
 1 2317.52 13647.4 0.00159393 1
 1 14151.6 -11632.9 0.000488825 1
 1 10184.7 -1852.24 0.000243642 1
 1 -30170.5 -23895.3 0.00131921 1
 1 16082.2 -36869.7 0.00855536 1
 1 -28027.2 -47702.2 0.0148703 1
 1 5228.62 25783.8 0.000751077 1
 1 -3786.82 -10491.5 0.000498962 1
 1 -34264.8 -2978.84 0.00012653 1
 1 -19027.4 20544.5 0.00284359 1
 1 116254 -29686.8 0.00542739 1
 1 105613 -30509.4 0.0143782 1
 1 16163.6 19721.2 0.045943 1
 1 33762.1 19563.5 0.00401308 1
 1 24632.6 15140.2 0.0109088 1
 1 -12098.1 18300.5 0.00721073 1
 1 -48709.1 53434.6 0.00596215 1
 1 1908.21 -2003.58 0.00431507 1
 1 31908.8 82276.2 0.0103002 1
 1 -1914.46 -401.645 0.056044 1
 1 -2176.37 -668.899 0.0281256 1
 1 25400.3 -4031.29 0.00758038 1
 1 39130.3 -21437.8 0.000175767 1
 1 385.02 26310.8 0.00424914 1
 1 86293.3 18003.1 0.00409104 1
 1 20878.9 -17562.8 0.00390022 1
 1 298.184 -6504.36 0.00011111 1
 1 -10162.6 -3848.83 0.000812685 1
 1 -20186.2 9826.87 0.00273622 1
 1 -7363.14 -1598.58 0.0182329 1
 1 -7659.46 -1972.83 5.78401e-05 1
 1 -7762.28 -1957.36 0.00761357 1
 2 -7497.9 -2516.5 0.0149294 1
 1 -1556.1 63.5029 0.0108145 1
 1 -100.541 -1390.99 0.00780347 1
 2 -79.7309 -1358.08 0.0159432 1
 1 -9153.8 -334.353 0.00445447 1
 1 1632.75 9420.58 0.0260002 1
 1 -673.069 1842.15 0.0090531 1
 1 3249.43 13584.1 0.000202638 1
 1 405.862 5982.01 0.000736761 1
 1 -4614.76 2530.33 0.000249518 1
 1 2350.84 1983.5 0.0170735 1
 1 2334.5 2564.27 0.0158465 1
 1 726.017 4005.27 0.00105606 1
 1 -2381.26 5554.32 0.000339468 1
 1 2982.1 -3400.52 0.0098747 1
 1 9561.32 -9426.73 0.000235017 1
 1 10477.4 2551.62 0.0188325 1
 1 -12093.8 -2295.64 0.0015511 1
 1 -588.742 -1358.4 0.0276707 1
 1 4911.25 -1412.1 0.0088771 1
 1 -16.7667 -570.516 0.0146412 1
 1 7110.61 -5977.16 0.00124695 1
 1 -32.8549 -2678.82 0.00740374 1
 1 -168.969 -2294.7 0.0535204 1
 1 3737.85 3769.05 0.000131454 1
 1 -596.187 -2288.47 0.208375 1
 1 15967.8 4545.04 0.00017871 1
 1 -2828.45 141.985 0.0402387 1
 1 -3001.63 678.426 0.0160918 1
 1 12455.1 11051.8 0.000405405 1
 1 -2871.35 2269.82 0.00104978 1
 1 -2736.06 951.579 0.0440221 1
 1 -2591.06 1213.53 0.063417 1
 1 -1264.85 2441.72 0.00148299 1
 3 -2197.53 810.427 0.00228979 1
 1 -122.693 4047.63 0.00299859 1
 1 1184.74 2647.59 0.000324534 1
 1 -206.01 4127.21 0.000741167 1
 1 5.56302 6490.61 0.000715979 1
 1 307.643 6868.05 0.000900414 1
 3 342.273 6697.79 0.00710627 1
 1 -1360.05 1720.53 0.180667 1
 1 -1879.07 -73.4126 0.0375275 1
 1 -3677.25 3293.01 0.00703189 1
 1 10887.1 -791.068 0.0012797 1
 1 8441.67 -2821.73 0.000788233 1
 1 -1496.93 -647.97 0.022495 1
 3 -1109.73 -544.979 0.0433173 1
 1 -1871.42 -271.846 0.0344962 1
 1 -1919.35 368.251 0.0263484 1
 1 -1810.58 389.725 0.051848 1
 1 -1641.89 628.285 0.00453179 1
 1 -1461.05 597.159 0.000509267 1
 1 -1489.55 605.527 0.0451804 1
 1 -1496.31 581.062 0.106025 1
 3 -1549.06 520.859 0.124663 1
 1 -1611.25 977.577 0.00849342 1
 1 -758.258 4495.43 0.107587 1
 1 -3908.25 -856.948 0.00405011 1
 1 -4619.21 1111.01 0.000638018 1
 1 -8249.84 -5762.09 0.00962264 1
 1 -7620.91 -3906.32 0.0123702 1
 1 -4329.96 -7515.26 0.00152222 1
 3 -6623.64 472.108 0.00225768 1
 1 8259.05 -2695.95 0.000833034 1
 1 -1948.29 10621.4 0.000987092 1
 1 3596.97 -5897.76 0.112258 1
 1 6801.74 -6346.61 0.000274108 1
 1 -177.164 4067.95 0.00144903 1
 1 -466.476 7904.91 0.00157245 1
 1 846.481 1681.62 0.016396 1
 1 1980.77 228.899 0.00169433 1
 1 2161.99 2174.98 0.00057625 1
 1 2228.28 2339.33 0.0242612 1
 1 2023.62 2657.1 0.00420072 1
 1 864.214 3002.31 0.000423255 1
 1 2302.72 1778.77 0.00031318 1
 1 2260.9 1706.27 0.000479208 1
 3 2344.82 1626.41 0.0401473 1
 1 -136957 113908 0.00055227 1
 1 -8307.48 22772.3 0.0016569 1
 1 -16736.3 9008.85 0.0032745 1
 1 -4568.37 18224.5 0.0233771 1
 1 -218.808 -949.025 0.403463 1
 1 46178.5 24600.6 0.00139915 1
 1 -9809.61 19230.1 0.000627467 1
 1 -18462.4 37007 0.00228877 1
 1 -23562.1 -7724.76 0.00370485 1
 1 6000.38 -10165.6 0.000333202 1
 1 1373.52 -6895.58 0.0232151 1
 1 937.384 -7867.83 0.0160627 1
 1 3163.53 -15765.1 0.00148809 1
 1 7758.43 -38336.7 0.000237415 1
 1 2789.23 -7874.15 0.0656611 1
 1 -26112.7 18238.1 0.00545521 1
 1 50249.4 -9778.32 0.0155143 1
 1 -3142.9 32249.5 0.00452682 1
 1 33248 -6657.33 0.00866953 1
 1 -4782.2 -6222.83 0.00512176 1
 1 2899.86 8674.13 8.68518e-05 1
 1 -2038.35 5018.17 0.000830422 1
 1 6330.78 -4140.89 0.00992951 1
 1 26228.2 -21668.5 0.00139852 1
 1 20146.4 -40021.8 0.00100172 1
 1 26906.3 2428.79 0.00647367 1
 1 29727.9 -27079.7 0.00365294 1
 1 -16455 2347.44 0.00164712 1
 1 -2804.98 -5455.76 0.00015402 1
 1 -18423.6 162.992 0.0659386 1
 1 18941.6 -90.3349 0.00986473 1
 1 562.558 60.8804 0.0446255 1
 1 -53711.2 24549.3 0.000831137 1
 1 3435.9 -2281.2 0.0169667 1
 1 -72.0276 -4712.74 0.127205 1
 1 -2078.56 -23428 0.0181949 1
 1 20225 11760.6 0.0154386 1
 1 -63931.5 -9645.78 0.00151292 1
 1 -17445.1 -8729.9 0.0352183 1
 1 -45769.4 -10733.4 0.00120749 1
 1 -10498.7 -84125.3 0.00477527 1
 1 -12157.7 -81529.4 0.00597754 1
 1 -11320.7 -82702.1 0.000766292 1
 1 80055.1 -27093.7 0.00255899 1
 1 -39171.9 -21833.5 0.044332 1
 1 -35485.8 -35071.6 0.0217598 1
 1 -23793.6 17111.6 0.00156661 1
 1 -33167.8 -15273.8 0.000753653 1
